# x numerical_df exact_df error_df numerical_d2f exact_d2f error_d2f
   6.283185307179587E-02    9.973701827725034E-01    9.980267284282716E-01    6.565456557681149E-04   -6.276986499457310E-02   -6.279051952931337E-02    2.065453474027479E-05
   1.256637061435917E-01    9.914620448488564E-01    9.921147013144779E-01    6.526564656215150E-04   -1.252920060088525E-01   -1.253332335643043E-01    4.122755545174495E-05
   1.884955592153876E-01    9.816410591901132E-01    9.822872507286887E-01    6.461915385754802E-04   -1.873196767158623E-01   -1.873813145857246E-01    6.163786986229658E-05
   2.513274122871835E-01    9.679459847398876E-01    9.685831611286311E-01    6.371763887434989E-04   -2.486080822371249E-01   -2.486898871648548E-01    8.180492772991155E-05
   3.141592653589793E-01    9.504308697003502E-01    9.510565162951535E-01    6.256465948033529E-04   -3.089153452359928E-01   -3.090169943749474E-01    1.016491389545515E-04
   3.769911184307752E-01    9.291648382286682E-01    9.297764858882513E-01    6.116476595831033E-04   -3.680034604972322E-01   -3.681245526846780E-01    1.210921874457704E-04
   4.398229715025711E-01    9.042318176355317E-01    9.048270524660195E-01    5.952348304877342E-04   -4.256392342246784E-01   -4.257792915650727E-01    1.400573403942951E-04
   5.026548245743669E-01    8.757302071624111E-01    8.763066800438636E-01    5.764728814524611E-04   -4.815952043506990E-01   -4.817536741017153E-01    1.584697510162991E-04
   5.654866776461628E-01    8.437724896446955E-01    8.443279255020151E-01    5.554358573195417E-04   -5.356505382250798E-01   -5.358267949789967E-01    1.762567539168591E-04
   6.283185307179586E-01    8.084847875933345E-01    8.090169943749475E-01    5.322067816129206E-04   -5.875919041405407E-01   -5.877852522924731E-01    1.933481519323932E-04
   6.911503837897546E-01    7.700063654469089E-01    7.705132427757891E-01    5.068773288802175E-04   -6.372143132555178E-01   -6.374239897486897E-01    2.096764931719397E-04
   7.539822368615504E-01    7.284890799585109E-01    7.289686274214116E-01    4.795474629006868E-04   -6.843219285916783E-01   -6.845471059286887E-01    2.251773370104404E-04
   8.168140899333463E-01    6.840967808865185E-01    6.845471059286886E-01    4.503250421701299E-04   -7.287288379125881E-01   -7.289686274214116E-01    2.397895088234181E-04
   8.796459430051422E-01    6.370046643544580E-01    6.374239897486896E-01    4.193253942316177E-04   -7.702597874348103E-01   -7.705132427757893E-01    2.534553409789808E-04
   9.424777960769380E-01    5.873985814319390E-01    5.877852522924730E-01    3.866708605340108E-04   -8.087508734742616E-01   -8.090169943749475E-01    2.661209006858956E-04
   1.005309649148734E+00    5.354743046653945E-01    5.358267949789965E-01    3.524903136020718E-04   -8.440501892991817E-01   -8.443279255020151E-01    2.777362028333341E-04
   1.068141502220530E+00    4.814367554532744E-01    4.817536741017152E-01    3.169186484408004E-04   -8.760184246369132E-01   -8.763066800438637E-01    2.882554069505439E-04
   1.130973355292326E+00    4.254991953149122E-01    4.257792915650727E-01    2.800962501604554E-04   -9.045294154672422E-01   -9.048270524660196E-01    2.976369987773841E-04
   1.193805208364122E+00    3.678823842447333E-01    3.681245526846779E-01    2.421684399445678E-04   -9.294706419349206E-01   -9.297764858882515E-01    3.058439533308865E-04
   1.256637061435917E+00    3.088137094734150E-01    3.090169943749475E-01    2.032849015324856E-04   -9.507436724136478E-01   -9.510565162951535E-01    3.128438815057644E-04
   1.319468914507713E+00    2.485262880743694E-01    2.486898871648547E-01    1.635990904853002E-04   -9.682645519707924E-01   -9.685831611286311E-01    3.186091578386563E-04
   1.382300767579509E+00    1.872580469571548E-01    1.873813145857245E-01    1.232676285697343E-04   -9.819641336993724E-01   -9.822872507286887E-01    3.231170293163110E-04
   1.445132620651305E+00    1.252507838786640E-01    1.253332335643043E-01    8.244968564027899E-05   -9.917883516089605E-01   -9.921147013144779E-01    3.263497055173703E-04
   1.507964473723101E+00    6.274921317784353E-02    6.279051952931330E-02    4.130635146977479E-05   -9.976984339996701E-01   -9.980267284282716E-01    3.282944286014944E-04
   1.570796326794897E+00    0.000000000000000E+00   -1.608122649676636E-16    1.608122649676636E-16   -9.996710564765093E-01   -1.000000000000000E+00    3.289435234906657E-04
   1.633628179866693E+00   -6.274921317784442E-02   -6.279051952931340E-02    4.130635146898376E-05   -9.976984339996982E-01   -9.980267284282716E-01    3.282944285734057E-04
   1.696460032938488E+00   -1.252507838786640E-01   -1.253332335643044E-01    8.244968564039001E-05   -9.917883516089042E-01   -9.921147013144778E-01    3.263497055735476E-04
   1.759291886010284E+00   -1.872580469571539E-01   -1.873813145857248E-01    1.232676285709278E-04   -9.819641336993443E-01   -9.822872507286886E-01    3.231170293442887E-04
   1.822123739082080E+00   -2.485262880743694E-01   -2.486898871648549E-01    1.635990904854112E-04   -9.682645519707924E-01   -9.685831611286311E-01    3.186091578386563E-04
   1.884955592153876E+00   -3.088137094734150E-01   -3.090169943749476E-01    2.032849015325966E-04   -9.507436724136478E-01   -9.510565162951535E-01    3.128438815057644E-04
   1.947787445225672E+00   -3.678823842447342E-01   -3.681245526846780E-01    2.421684399437907E-04   -9.294706419348925E-01   -9.297764858882513E-01    3.058439533588642E-04
   2.010619298297468E+00   -4.254991953149122E-01   -4.257792915650727E-01    2.800962501605109E-04   -9.045294154672422E-01   -9.048270524660195E-01    2.976369987772731E-04
   2.073451151369264E+00   -4.814367554532744E-01   -4.817536741017154E-01    3.169186484410780E-04   -8.760184246368569E-01   -8.763066800438635E-01    2.882554070066101E-04
   2.136283004441060E+00   -5.354743046653945E-01   -5.358267949789969E-01    3.524903136024049E-04   -8.440501892992380E-01   -8.443279255020150E-01    2.777362027769348E-04
   2.199114857512855E+00   -5.873985814319399E-01   -5.877852522924730E-01    3.866708605331226E-04   -8.087508734742335E-01   -8.090169943749475E-01    2.661209007139842E-04
   2.261946710584651E+00   -6.370046643544589E-01   -6.374239897486897E-01    4.193253942308406E-04   -7.702597874348384E-01   -7.705132427757893E-01    2.534553409508922E-04
   2.324778563656447E+00   -6.840967808865203E-01   -6.845471059286887E-01    4.503250421684646E-04   -7.287288379125881E-01   -7.289686274214114E-01    2.397895088233071E-04
   2.387610416728243E+00   -7.284890799585118E-01   -7.289686274214117E-01    4.795474628999097E-04   -6.843219285916501E-01   -6.845471059286885E-01    2.251773370384180E-04
   2.450442269800039E+00   -7.700063654469107E-01   -7.705132427757894E-01    5.068773288786632E-04   -6.372143132555741E-01   -6.374239897486895E-01    2.096764931154294E-04
   2.513274122871834E+00   -8.084847875933363E-01   -8.090169943749473E-01    5.322067816110332E-04   -5.875919041405407E-01   -5.877852522924732E-01    1.933481519325042E-04
   2.576105975943630E+00   -8.437724896446972E-01   -8.443279255020151E-01    5.554358573178764E-04   -5.356505382250798E-01   -5.358267949789967E-01    1.762567539168591E-04
   2.638937829015426E+00   -8.757302071624129E-01   -8.763066800438636E-01    5.764728814506848E-04   -4.815952043507131E-01   -4.817536741017152E-01    1.584697510021438E-04
   2.701769682087222E+00   -9.042318176355331E-01   -9.048270524660196E-01    5.952348304865129E-04   -4.256392342246644E-01   -4.257792915650725E-01    1.400573404081173E-04
   2.764601535159018E+00   -9.291648382286687E-01   -9.297764858882515E-01    6.116476595827702E-04   -3.680034604972462E-01   -3.681245526846778E-01    1.210921874315041E-04
   2.827433388230814E+00   -9.504308697003521E-01   -9.510565162951536E-01    6.256465948015766E-04   -3.089153452359928E-01   -3.090169943749471E-01    1.016491389542740E-04
   2.890265241302610E+00   -9.679459847398889E-01   -9.685831611286311E-01    6.371763887421666E-04   -2.486080822371319E-01   -2.486898871648548E-01    8.180492772291714E-05
   2.953097094374406E+00   -9.816410591901148E-01   -9.822872507286887E-01    6.461915385739259E-04   -1.873196767158694E-01   -1.873813145857246E-01    6.163786985521891E-05
   3.015928947446202E+00   -9.914620448488578E-01   -9.921147013144779E-01    6.526564656200717E-04   -1.252920060088420E-01   -1.253332335643041E-01    4.122755546212553E-05
   3.078760800517998E+00   -9.973701827725048E-01   -9.980267284282716E-01    6.565456557667826E-04   -6.276986499458014E-02   -6.279051952931314E-02    2.065453473300283E-05
   3.141592653589794E+00   -9.993421562398426E-01   -1.000000000000000E+00    6.578437601574283E-04    0.000000000000000E+00    3.216245299353273E-16    3.216245299353273E-16
   3.204424506661589E+00   -9.973701827725046E-01   -9.980267284282716E-01    6.565456557670046E-04    6.276986499458304E-02    6.279051952931335E-02    2.065453473031054E-05
   3.267256359733385E+00   -9.914620448488577E-01   -9.921147013144779E-01    6.526564656201828E-04    1.252920060088384E-01    1.253332335643043E-01    4.122755546584478E-05
   3.330088212805181E+00   -9.816410591901148E-01   -9.822872507286886E-01    6.461915385738148E-04    1.873196767158694E-01    1.873813145857248E-01    6.163786985541320E-05
   3.392920065876977E+00   -9.679459847398891E-01   -9.685831611286311E-01    6.371763887419446E-04    2.486080822371179E-01    2.486898871648550E-01    8.180492773715575E-05
   3.455751918948773E+00   -9.504308697003514E-01   -9.510565162951535E-01    6.256465948021317E-04    3.089153452360069E-01    3.090169943749477E-01    1.016491389408403E-04
   3.518583772020569E+00   -9.291648382286687E-01   -9.297764858882512E-01    6.116476595825482E-04    3.680034604972181E-01    3.681245526846783E-01    1.210921874602033E-04
   3.581415625092364E+00   -9.042318176355331E-01   -9.048270524660195E-01    5.952348304864019E-04    4.256392342246644E-01    4.257792915650727E-01    1.400573404082839E-04
   3.644247478164160E+00   -8.757302071624125E-01   -8.763066800438635E-01    5.764728814510178E-04    4.815952043507131E-01    4.817536741017154E-01    1.584697510023103E-04
   3.707079331235956E+00   -8.437724896446968E-01   -8.443279255020150E-01    5.554358573182094E-04    5.356505382250658E-01    5.358267949789968E-01    1.762567539309590E-04
   3.769911184307752E+00   -8.084847875933363E-01   -8.090169943749472E-01    5.322067816109222E-04    5.875919041405407E-01    5.877852522924734E-01    1.933481519326152E-04
   3.832743037379548E+00   -7.700063654469107E-01   -7.705132427757890E-01    5.068773288783301E-04    6.372143132555178E-01    6.374239897486900E-01    2.096764931721617E-04
   3.895574890451344E+00   -7.284890799585118E-01   -7.289686274214116E-01    4.795474628997987E-04    6.843219285917064E-01    6.845471059286887E-01    2.251773369823518E-04
   3.958406743523140E+00   -6.840967808865194E-01   -6.845471059286886E-01    4.503250421692417E-04    7.287288379125600E-01    7.289686274214116E-01    2.397895088515067E-04
   4.021238596594936E+00   -6.370046643544571E-01   -6.374239897486895E-01    4.193253942323949E-04    7.702597874348945E-01    7.705132427757894E-01    2.534553408948259E-04
   4.084070449666731E+00   -5.873985814319364E-01   -5.877852522924732E-01    3.866708605368974E-04    8.087508734742335E-01    8.090169943749473E-01    2.661209007138732E-04
   4.146902302738527E+00   -5.354743046653900E-01   -5.358267949789963E-01    3.524903136062907E-04    8.440501892992099E-01    8.443279255020153E-01    2.777362028053565E-04
   4.209734155810323E+00   -4.814367554532708E-01   -4.817536741017153E-01    3.169186484444642E-04    8.760184246368569E-01    8.763066800438636E-01    2.882554070067211E-04
   4.272566008882119E+00   -4.254991953149087E-01   -4.257792915650722E-01    2.800962501634530E-04    9.045294154672422E-01    9.048270524660198E-01    2.976369987776062E-04
   4.335397861953915E+00   -3.678823842447306E-01   -3.681245526846778E-01    2.421684399471769E-04    9.294706419348925E-01    9.297764858882515E-01    3.058439533589752E-04
   4.398229715025710E+00   -3.088137094734132E-01   -3.090169943749476E-01    2.032849015343730E-04    9.507436724136478E-01    9.510565162951535E-01    3.128438815057644E-04
   4.461061568097507E+00   -2.485262880743677E-01   -2.486898871648544E-01    1.635990904867435E-04    9.682645519707924E-01    9.685831611286312E-01    3.186091578387673E-04
   4.523893421169302E+00   -1.872580469571530E-01   -1.873813145857246E-01    1.232676285716217E-04    9.819641336993724E-01    9.822872507286887E-01    3.231170293163110E-04
   4.586725274241099E+00   -1.252507838786622E-01   -1.253332335643037E-01    8.244968564150024E-05    9.917883516089042E-01    9.921147013144779E-01    3.263497055736586E-04
   4.649557127312894E+00   -6.274921317784353E-02   -6.279051952931321E-02    4.130635146967765E-05    9.976984339996701E-01    9.980267284282716E-01    3.282944286014944E-04
   4.712388980384690E+00    0.000000000000000E+00   -1.836970198721030E-16    1.836970198721030E-16    9.996710564765093E-01    1.000000000000000E+00    3.289435234906657E-04
   4.775220833456486E+00    6.274921317784353E-02    6.279051952931372E-02    4.130635147019113E-05    9.976984339996420E-01    9.980267284282716E-01    3.282944286295830E-04
   4.838052686528282E+00    1.252507838786631E-01    1.253332335643042E-01    8.244968564111166E-05    9.917883516089605E-01    9.921147013144779E-01    3.263497055173703E-04
   4.900884539600078E+00    1.872580469571539E-01    1.873813145857251E-01    1.232676285712331E-04    9.819641336993443E-01    9.822872507286886E-01    3.231170293442887E-04
   4.963716392671873E+00    2.485262880743677E-01    2.486898871648549E-01    1.635990904872431E-04    9.682645519707924E-01    9.685831611286311E-01    3.186091578386563E-04
   5.026548245743669E+00    3.088137094734132E-01    3.090169943749472E-01    2.032849015340399E-04    9.507436724136478E-01    9.510565162951536E-01    3.128438815058754E-04
   5.089380098815465E+00    3.678823842447306E-01    3.681245526846783E-01    2.421684399476209E-04    9.294706419348925E-01    9.297764858882512E-01    3.058439533587531E-04
   5.152211951887261E+00    4.254991953149087E-01    4.257792915650726E-01    2.800962501638971E-04    9.045294154672422E-01    9.048270524660196E-01    2.976369987773841E-04
   5.215043804959057E+00    4.814367554532717E-01    4.817536741017157E-01    3.169186484440201E-04    8.760184246368850E-01    8.763066800438634E-01    2.882554069784105E-04
   5.277875658030853E+00    5.354743046653909E-01    5.358267949789968E-01    3.524903136058466E-04    8.440501892991817E-01    8.443279255020150E-01    2.777362028332231E-04
   5.340707511102649E+00    5.873985814319364E-01    5.877852522924737E-01    3.866708605373415E-04    8.087508734742335E-01    8.090169943749470E-01    2.661209007135401E-04
   5.403539364174445E+00    6.370046643544545E-01    6.374239897486900E-01    4.193253942355035E-04    7.702597874348103E-01    7.705132427757890E-01    2.534553409787588E-04
   5.466371217246240E+00    6.840967808865150E-01    6.845471059286886E-01    4.503250421735716E-04    7.287288379125881E-01    7.289686274214116E-01    2.397895088234181E-04
   5.529203070318037E+00    7.284890799585064E-01    7.289686274214119E-01    4.795474629054608E-04    6.843219285916501E-01    6.845471059286883E-01    2.251773370381960E-04
   5.592034923389832E+00    7.700063654469046E-01    7.705132427757894E-01    5.068773288847694E-04    6.372143132555459E-01    6.374239897486896E-01    2.096764931437400E-04
   5.654866776461628E+00    8.084847875933320E-01    8.090169943749478E-01    5.322067816158071E-04    5.875919041405127E-01    5.877852522924726E-01    1.933481519599267E-04
   5.717698629533424E+00    8.437724896446911E-01    8.443279255020153E-01    5.554358573242046E-04    5.356505382250517E-01    5.358267949789963E-01    1.762567539446147E-04
   5.780530482605220E+00    8.757302071624062E-01    8.763066800438636E-01    5.764728814573461E-04    4.815952043507131E-01    4.817536741017153E-01    1.584697510022548E-04
   5.843362335677016E+00    9.042318176355268E-01    9.048270524660197E-01    5.952348304928412E-04    4.256392342246644E-01    4.257792915650722E-01    1.400573404078398E-04
   5.906194188748811E+00    9.291648382286625E-01    9.297764858882515E-01    6.116476595889875E-04    3.680034604972462E-01    3.681245526846779E-01    1.210921874316151E-04
   5.969026041820608E+00    9.504308697003455E-01    9.510565162951538E-01    6.256465948082379E-04    3.089153452359787E-01    3.090169943749468E-01    1.016491389680407E-04
   6.031857894892403E+00    9.679459847398824E-01    9.685831611286312E-01    6.371763887488280E-04    2.486080822371179E-01    2.486898871648545E-01    8.180492773662840E-05
   6.094689747964199E+00    9.816410591901078E-01    9.822872507286887E-01    6.461915385809203E-04    1.873196767158694E-01    1.873813145857247E-01    6.163786985532993E-05
   6.157521601035995E+00    9.914620448488508E-01    9.921147013144779E-01    6.526564656270661E-04    1.252920060088490E-01    1.253332335643038E-01    4.122755545479806E-05
   6.220353454107791E+00    9.973701827724978E-01    9.980267284282716E-01    6.565456557737770E-04    6.276986499457310E-02    6.279051952931326E-02    2.065453474016377E-05
