    0.00000000000000E+00    1.00000000000000E+00
    3.33333333333333E-03    9.99988888950617E-01
    6.66666666666667E-03    9.99955556543195E-01
    1.00000000000000E-02    9.99900004999833E-01
    1.33333333333333E-02    9.99822238023755E-01
    1.66666666666667E-02    9.99722260798897E-01
    2.00000000000000E-02    9.99600079989334E-01
    2.33333333333333E-02    9.99455703738538E-01
    2.66666666666667E-02    9.99289141668473E-01
    3.00000000000000E-02    9.99100404878527E-01
    3.33333333333333E-02    9.98889505944279E-01
    3.66666666666667E-02    9.98656458916103E-01
    4.00000000000000E-02    9.98401279317606E-01
    4.33333333333333E-02    9.98123984143909E-01
    4.66666666666667E-02    9.97824591859753E-01
    5.00000000000000E-02    9.97503122397460E-01
    5.33333333333333E-02    9.97159597154711E-01
    5.66666666666667E-02    9.96794038992180E-01
    6.00000000000000E-02    9.96406472230993E-01
    6.33333333333333E-02    9.95996922650036E-01
    6.66666666666667E-02    9.95565417483093E-01
    7.00000000000000E-02    9.95111985415830E-01
    7.33333333333333E-02    9.94636656582617E-01
    7.66666666666667E-02    9.94139462563188E-01
    8.00000000000000E-02    9.93620436379149E-01
    8.33333333333333E-02    9.93079612490316E-01
    8.66666666666667E-02    9.92517026790907E-01
    9.00000000000000E-02    9.91932716605571E-01
    9.33333333333333E-02    9.91326720685258E-01
    9.66666666666667E-02    9.90699079202940E-01
    1.00000000000000E-01    9.90049833749168E-01
    1.03333333333333E-01    9.89379027327483E-01
    1.06666666666667E-01    9.88686704349666E-01
    1.10000000000000E-01    9.87972910630838E-01
    1.13333333333333E-01    9.87237693384409E-01
    1.16666666666667E-01    9.86481101216871E-01
    1.20000000000000E-01    9.85703184122443E-01
    1.23333333333333E-01    9.84903993477565E-01
    1.26666666666667E-01    9.84083582035246E-01
    1.30000000000000E-01    9.83242003919255E-01
    1.33333333333333E-01    9.82379314618178E-01
    1.36666666666667E-01    9.81495570979311E-01
    1.40000000000000E-01    9.80590831202428E-01
    1.43333333333333E-01    9.79665154833385E-01
    1.46666666666667E-01    9.78718602757591E-01
    1.50000000000000E-01    9.77751237193336E-01
    1.53333333333333E-01    9.76763121684975E-01
    1.56666666666667E-01    9.75754321095970E-01
    1.60000000000000E-01    9.74724901601794E-01
    1.63333333333333E-01    9.73674930682701E-01
    1.66666666666667E-01    9.72604477116348E-01
    1.70000000000000E-01    9.71513610970296E-01
    1.73333333333333E-01    9.70402403594357E-01
    1.76666666666667E-01    9.69270927612824E-01
    1.80000000000000E-01    9.68119256916563E-01
    1.83333333333333E-01    9.66947466654964E-01
    1.86666666666667E-01    9.65755633227779E-01
    1.90000000000000E-01    9.64543834276815E-01
    1.93333333333333E-01    9.63312148677511E-01
    1.96666666666667E-01    9.62060656530377E-01
    2.00000000000000E-01    9.60789439152323E-01
    2.03333333333333E-01    9.59498579067848E-01
    2.06666666666667E-01    9.58188160000116E-01
    2.10000000000000E-01    9.56858266861910E-01
    2.13333333333333E-01    9.55508985746464E-01
    2.16666666666667E-01    9.54140403918177E-01
    2.20000000000000E-01    9.52752609803211E-01
    2.23333333333333E-01    9.51345692979971E-01
    2.26666666666667E-01    9.49919744169474E-01
    2.30000000000000E-01    9.48474855225605E-01
    2.33333333333333E-01    9.47011119125255E-01
    2.36666666666667E-01    9.45528629958364E-01
    2.40000000000000E-01    9.44027482917836E-01
    2.43333333333333E-01    9.42507774289364E-01
    2.46666666666667E-01    9.40969601441143E-01
    2.50000000000000E-01    9.39413062813476E-01
    2.53333333333333E-01    9.37838257908285E-01
    2.56666666666667E-01    9.36245287278517E-01
    2.60000000000000E-01    9.34634252517449E-01
    2.63333333333333E-01    9.33005256247901E-01
    2.66666666666667E-01    9.31358402111352E-01
    2.70000000000000E-01    9.29693794756954E-01
    2.73333333333333E-01    9.28011539830467E-01
    2.76666666666667E-01    9.26311743963090E-01
    2.80000000000000E-01    9.24594514760211E-01
    2.83333333333333E-01    9.22859960790065E-01
    2.86666666666667E-01    9.21108191572312E-01
    2.90000000000000E-01    9.19339317566518E-01
    2.93333333333333E-01    9.17553450160571E-01
    2.96666666666667E-01    9.15750701659001E-01
    3.00000000000000E-01    9.13931185271228E-01
    3.03333333333333E-01    9.12095015099731E-01
    3.06666666666667E-01    9.10242306128143E-01
    3.10000000000000E-01    9.08373174209268E-01
    3.13333333333333E-01    9.06487736053029E-01
    3.16666666666667E-01    9.04586109214346E-01
    3.20000000000000E-01    9.02668412080942E-01
    3.23333333333333E-01    9.00734763861084E-01
    3.26666666666667E-01    8.98785284571259E-01
    3.30000000000000E-01    8.96820095023787E-01
    3.33333333333333E-01    8.94839316814370E-01
    3.36666666666667E-01    8.92843072309583E-01
    3.40000000000000E-01    8.90831484634309E-01
    3.43333333333333E-01    8.88804677659110E-01
    3.46666666666667E-01    8.86762775987555E-01
    3.50000000000000E-01    8.84705904943484E-01
    3.53333333333333E-01    8.82634190558230E-01
    3.56666666666667E-01    8.80547759557787E-01
    3.60000000000000E-01    8.78446739349931E-01
    3.63333333333333E-01    8.76331258011301E-01
    3.66666666666667E-01    8.74201444274425E-01
    3.70000000000000E-01    8.72057427514719E-01
    3.73333333333333E-01    8.69899337737435E-01
    3.76666666666667E-01    8.67727305564574E-01
    3.80000000000000E-01    8.65541462221766E-01
    3.83333333333333E-01    8.63341939525111E-01
    3.86666666666667E-01    8.61128869867991E-01
    3.90000000000000E-01    8.58902386207848E-01
    3.93333333333333E-01    8.56662622052937E-01
    3.96666666666667E-01    8.54409711449049E-01
    4.00000000000000E-01    8.52143788966211E-01
    4.03333333333333E-01    8.49864989685360E-01
    4.06666666666667E-01    8.47573449184995E-01
    4.10000000000000E-01    8.45269303527819E-01
    4.13333333333333E-01    8.42952689247345E-01
    4.16666666666667E-01    8.40623743334505E-01
    4.20000000000000E-01    8.38282603224234E-01
    4.23333333333333E-01    8.35929406782039E-01
    4.26666666666667E-01    8.33564292290570E-01
    4.30000000000000E-01    8.31187398436171E-01
    4.33333333333333E-01    8.28798864295426E-01
    4.36666666666667E-01    8.26398829321705E-01
    4.40000000000000E-01    8.23987433331703E-01
    4.43333333333333E-01    8.21564816491976E-01
    4.46666666666667E-01    8.19131119305479E-01
    4.50000000000000E-01    8.16686482598111E-01
    4.53333333333333E-01    8.14231047505253E-01
    4.56666666666667E-01    8.11764955458324E-01
    4.60000000000000E-01    8.09288348171332E-01
    4.63333333333333E-01    8.06801367627446E-01
    4.66666666666667E-01    8.04304156065572E-01
    4.70000000000000E-01    8.01796855966941E-01
    4.73333333333333E-01    7.99279610041717E-01
    4.76666666666667E-01    7.96752561215617E-01
    4.80000000000000E-01    7.94215852616547E-01
    4.83333333333333E-01    7.91669627561266E-01
    4.86666666666667E-01    7.89114029542061E-01
    4.90000000000000E-01    7.86549202213455E-01
    4.93333333333333E-01    7.83975289378929E-01
    4.96666666666667E-01    7.81392434977680E-01
    5.00000000000000E-01    7.78800783071405E-01
    5.03333333333333E-01    7.76200477831108E-01
    5.06666666666667E-01    7.73591663523948E-01
    5.10000000000000E-01    7.70974484500115E-01
    5.13333333333333E-01    7.68349085179742E-01
    5.16666666666667E-01    7.65715610039849E-01
    5.20000000000000E-01    7.63074203601336E-01
    5.23333333333333E-01    7.60425010416002E-01
    5.26666666666667E-01    7.57768175053616E-01
    5.30000000000000E-01    7.55103842089023E-01
    5.33333333333333E-01    7.52432156089303E-01
    5.36666666666667E-01    7.49753261600965E-01
    5.40000000000000E-01    7.47067303137196E-01
    5.43333333333333E-01    7.44374425165160E-01
    5.46666666666667E-01    7.41674772093341E-01
    5.50000000000000E-01    7.38968488258944E-01
    5.53333333333333E-01    7.36255717915345E-01
    5.56666666666667E-01    7.33536605219599E-01
    5.60000000000000E-01    7.30811294220004E-01
    5.63333333333333E-01    7.28079928843720E-01
    5.66666666666667E-01    7.25342652884453E-01
    5.70000000000000E-01    7.22599609990194E-01
    5.73333333333333E-01    7.19850943651020E-01
    5.76666666666667E-01    7.17096797186968E-01
    5.80000000000000E-01    7.14337313735958E-01
    5.83333333333333E-01    7.11572636241797E-01
    5.86666666666667E-01    7.08802907442243E-01
    5.90000000000000E-01    7.06028269857140E-01
    5.93333333333333E-01    7.03248865776618E-01
    5.96666666666667E-01    7.00464837249378E-01
    6.00000000000000E-01    6.97676326071031E-01
    6.03333333333333E-01    6.94883473772530E-01
    6.06666666666667E-01    6.92086421608662E-01
    6.10000000000000E-01    6.89285310546626E-01
    6.13333333333333E-01    6.86480281254685E-01
    6.16666666666667E-01    6.83671474090896E-01
    6.20000000000000E-01    6.80859029091925E-01
    6.23333333333333E-01    6.78043085961936E-01
    6.26666666666667E-01    6.75223784061570E-01
    6.30000000000000E-01    6.72401262397003E-01
    6.33333333333333E-01    6.69575659609086E-01
    6.36666666666667E-01    6.66747113962582E-01
    6.40000000000000E-01    6.63915763335474E-01
    6.43333333333333E-01    6.61081745208374E-01
    6.46666666666667E-01    6.58245196654017E-01
    6.50000000000000E-01    6.55406254326841E-01
    6.53333333333333E-01    6.52565054452660E-01
    6.56666666666667E-01    6.49721732818435E-01
    6.60000000000000E-01    6.46876424762130E-01
    6.63333333333333E-01    6.44029265162662E-01
    6.66666666666667E-01    6.41180388429955E-01
    6.70000000000000E-01    6.38329928495075E-01
    6.73333333333333E-01    6.35478018800478E-01
    6.76666666666667E-01    6.32624792290342E-01
    6.80000000000000E-01    6.29770381401003E-01
    6.83333333333333E-01    6.26914918051492E-01
    6.86666666666667E-01    6.24058533634167E-01
    6.90000000000000E-01    6.21201359005451E-01
    6.93333333333333E-01    6.18343524476665E-01
    6.96666666666667E-01    6.15485159804972E-01
    7.00000000000000E-01    6.12626394184416E-01
    7.03333333333333E-01    6.09767356237068E-01
    7.06666666666667E-01    6.06908174004277E-01
    7.10000000000000E-01    6.04048974938025E-01
    7.13333333333333E-01    6.01189885892391E-01
    7.16666666666667E-01    5.98331033115114E-01
    7.20000000000000E-01    5.95472542239270E-01
    7.23333333333333E-01    5.92614538275054E-01
    7.26666666666667E-01    5.89757145601672E-01
    7.30000000000000E-01    5.86900487959338E-01
    7.33333333333333E-01    5.84044688441383E-01
    7.36666666666667E-01    5.81189869486474E-01
    7.40000000000000E-01    5.78336152870944E-01
    7.43333333333333E-01    5.75483659701228E-01
    7.46666666666667E-01    5.72632510406418E-01
    7.50000000000000E-01    5.69782824730923E-01
    7.53333333333333E-01    5.66934721727243E-01
    7.56666666666667E-01    5.64088319748860E-01
    7.60000000000000E-01    5.61243736443235E-01
    7.63333333333333E-01    5.58401088744922E-01
    7.66666666666667E-01    5.55560492868795E-01
    7.70000000000000E-01    5.52722064303394E-01
    7.73333333333333E-01    5.49885917804372E-01
    7.76666666666667E-01    5.47052167388071E-01
    7.80000000000000E-01    5.44220926325207E-01
    7.83333333333333E-01    5.41392307134668E-01
    7.86666666666667E-01    5.38566421577429E-01
    7.90000000000000E-01    5.35743380650585E-01
    7.93333333333333E-01    5.32923294581496E-01
    7.96666666666667E-01    5.30106272822052E-01
    8.00000000000000E-01    5.27292424043049E-01
    8.03333333333333E-01    5.24481856128683E-01
    8.06666666666667E-01    5.21674676171167E-01
    8.10000000000000E-01    5.18870990465452E-01
    8.13333333333333E-01    5.16070904504076E-01
    8.16666666666667E-01    5.13274522972119E-01
    8.20000000000000E-01    5.10481949742289E-01
    8.23333333333333E-01    5.07693287870108E-01
    8.26666666666667E-01    5.04908639589225E-01
    8.30000000000000E-01    5.02128106306847E-01
    8.33333333333333E-01    4.99351788599276E-01
    8.36666666666667E-01    4.96579786207576E-01
    8.40000000000000E-01    4.93812198033346E-01
    8.43333333333333E-01    4.91049122134614E-01
    8.46666666666667E-01    4.88290655721848E-01
    8.50000000000000E-01    4.85536895154079E-01
    8.53333333333333E-01    4.82787935935148E-01
    8.56666666666667E-01    4.80043872710056E-01
    8.60000000000000E-01    4.77304799261446E-01
    8.63333333333333E-01    4.74570808506185E-01
    8.66666666666667E-01    4.71841992492075E-01
    8.70000000000000E-01    4.69118442394664E-01
    8.73333333333333E-01    4.66400248514191E-01
    8.76666666666667E-01    4.63687500272624E-01
    8.80000000000000E-01    4.60980286210834E-01
    8.83333333333333E-01    4.58278693985863E-01
    8.86666666666667E-01    4.55582810368323E-01
    8.90000000000000E-01    4.52892721239895E-01
    8.93333333333333E-01    4.50208511590950E-01
    8.96666666666667E-01    4.47530265518281E-01
    9.00000000000000E-01    4.44858066222941E-01
    9.03333333333333E-01    4.42191996008203E-01
    9.06666666666667E-01    4.39532136277623E-01
    9.10000000000000E-01    4.36878567533222E-01
    9.13333333333333E-01    4.34231369373772E-01
    9.16666666666667E-01    4.31590620493195E-01
    9.20000000000000E-01    4.28956398679073E-01
    9.23333333333333E-01    4.26328780811267E-01
    9.26666666666667E-01    4.23707842860644E-01
    9.30000000000000E-01    4.21093659887912E-01
    9.33333333333333E-01    4.18486306042564E-01
    9.36666666666667E-01    4.15885854561933E-01
    9.40000000000000E-01    4.13292377770344E-01
    9.43333333333333E-01    4.10705947078384E-01
    9.46666666666667E-01    4.08126632982268E-01
    9.50000000000000E-01    4.05554505063321E-01
    9.53333333333333E-01    4.02989631987549E-01
    9.56666666666667E-01    4.00432081505331E-01
    9.60000000000000E-01    3.97881920451205E-01
    9.63333333333333E-01    3.95339214743754E-01
    9.66666666666667E-01    3.92804029385606E-01
    9.70000000000000E-01    3.90276428463521E-01
    9.73333333333333E-01    3.87756475148590E-01
    9.76666666666667E-01    3.85244231696527E-01
    9.80000000000000E-01    3.82739759448069E-01
    9.83333333333333E-01    3.80243118829463E-01
    9.86666666666667E-01    3.77754369353061E-01
    9.90000000000000E-01    3.75273569618007E-01
    9.93333333333333E-01    3.72800777311026E-01
    9.96666666666667E-01    3.70336049207298E-01
    1.00000000000000E+00    3.67879441171442E-01
