    0.0000000000E+00     0.0000000000E+00     1.0000000000E+02
    2.0000000000E-02     0.0000000000E+00     2.0000000000E+01
    4.0000000000E-02     0.0000000000E+00     2.0000000000E+01
    6.0000000000E-02     0.0000000000E+00     2.0000000000E+01
    8.0000000000E-02     0.0000000000E+00     2.0000000000E+01
    1.0000000000E-01     0.0000000000E+00     2.0000000000E+01
    1.2000000000E-01     0.0000000000E+00     2.0000000000E+01
    1.4000000000E-01     0.0000000000E+00     2.0000000000E+01
    1.6000000000E-01     0.0000000000E+00     2.0000000000E+01
    1.8000000000E-01     0.0000000000E+00     2.0000000000E+01
    2.0000000000E-01     0.0000000000E+00     2.0000000000E+01
    2.2000000000E-01     0.0000000000E+00     2.0000000000E+01
    2.4000000000E-01     0.0000000000E+00     2.0000000000E+01
    2.6000000000E-01     0.0000000000E+00     2.0000000000E+01
    2.8000000000E-01     0.0000000000E+00     2.0000000000E+01
    3.0000000000E-01     0.0000000000E+00     2.0000000000E+01
    3.2000000000E-01     0.0000000000E+00     2.0000000000E+01
    3.4000000000E-01     0.0000000000E+00     2.0000000000E+01
    3.6000000000E-01     0.0000000000E+00     2.0000000000E+01
    3.8000000000E-01     0.0000000000E+00     2.0000000000E+01
    4.0000000000E-01     0.0000000000E+00     2.0000000000E+01
    4.2000000000E-01     0.0000000000E+00     2.0000000000E+01
    4.4000000000E-01     0.0000000000E+00     2.0000000000E+01
    4.6000000000E-01     0.0000000000E+00     2.0000000000E+01
    4.8000000000E-01     0.0000000000E+00     2.0000000000E+01
    5.0000000000E-01     0.0000000000E+00     2.0000000000E+01
    5.2000000000E-01     0.0000000000E+00     2.0000000000E+01
    5.4000000000E-01     0.0000000000E+00     2.0000000000E+01
    5.6000000000E-01     0.0000000000E+00     2.0000000000E+01
    5.8000000000E-01     0.0000000000E+00     2.0000000000E+01
    6.0000000000E-01     0.0000000000E+00     2.0000000000E+01
    6.2000000000E-01     0.0000000000E+00     2.0000000000E+01
    6.4000000000E-01     0.0000000000E+00     2.0000000000E+01
    6.6000000000E-01     0.0000000000E+00     2.0000000000E+01
    6.8000000000E-01     0.0000000000E+00     2.0000000000E+01
    7.0000000000E-01     0.0000000000E+00     2.0000000000E+01
    7.2000000000E-01     0.0000000000E+00     2.0000000000E+01
    7.4000000000E-01     0.0000000000E+00     2.0000000000E+01
    7.6000000000E-01     0.0000000000E+00     2.0000000000E+01
    7.8000000000E-01     0.0000000000E+00     2.0000000000E+01
    8.0000000000E-01     0.0000000000E+00     2.0000000000E+01
    8.2000000000E-01     0.0000000000E+00     2.0000000000E+01
    8.4000000000E-01     0.0000000000E+00     2.0000000000E+01
    8.6000000000E-01     0.0000000000E+00     2.0000000000E+01
    8.8000000000E-01     0.0000000000E+00     2.0000000000E+01
    9.0000000000E-01     0.0000000000E+00     2.0000000000E+01
    9.2000000000E-01     0.0000000000E+00     2.0000000000E+01
    9.4000000000E-01     0.0000000000E+00     2.0000000000E+01
    9.6000000000E-01     0.0000000000E+00     2.0000000000E+01
    9.8000000000E-01     0.0000000000E+00     2.0000000000E+01
    1.0000000000E+00     0.0000000000E+00     0.0000000000E+00

    0.0000000000E+00     4.0000000000E+02     1.0000000000E+02
    2.0000000000E-02     4.0000000000E+02     9.5491730273E+01
    4.0000000000E-02     4.0000000000E+02     9.1005565721E+01
    6.0000000000E-02     4.0000000000E+02     8.6563270589E+01
    8.0000000000E-02     4.0000000000E+02     8.2185935342E+01
    1.0000000000E-01     4.0000000000E+02     7.7893659718E+01
    1.2000000000E-01     4.0000000000E+02     7.3705258953E+01
    1.4000000000E-01     4.0000000000E+02     6.9637999685E+01
    1.6000000000E-01     4.0000000000E+02     6.5707371081E+01
    1.8000000000E-01     4.0000000000E+02     6.1926895563E+01
    2.0000000000E-01     4.0000000000E+02     5.8307982313E+01
    2.2000000000E-01     4.0000000000E+02     5.4859825376E+01
    2.4000000000E-01     4.0000000000E+02     5.1589346919E+01
    2.6000000000E-01     4.0000000000E+02     4.8501184910E+01
    2.8000000000E-01     4.0000000000E+02     4.5597723299E+01
    3.0000000000E-01     4.0000000000E+02     4.2879161791E+01
    3.2000000000E-01     4.0000000000E+02     4.0343621351E+01
    3.4000000000E-01     4.0000000000E+02     3.7987280979E+01
    3.6000000000E-01     4.0000000000E+02     3.5804540733E+01
    3.8000000000E-01     4.0000000000E+02     3.3788205755E+01
    4.0000000000E-01     4.0000000000E+02     3.1929685922E+01
    4.2000000000E-01     4.0000000000E+02     3.0219205904E+01
    4.4000000000E-01     4.0000000000E+02     2.8646020595E+01
    4.6000000000E-01     4.0000000000E+02     2.7198631343E+01
    4.8000000000E-01     4.0000000000E+02     2.5864998853E+01
    5.0000000000E-01     4.0000000000E+02     2.4632749197E+01
    5.2000000000E-01     4.0000000000E+02     2.3489369991E+01
    5.4000000000E-01     4.0000000000E+02     2.2422394343E+01
    5.6000000000E-01     4.0000000000E+02     2.1419570789E+01
    5.8000000000E-01     4.0000000000E+02     2.0469017944E+01
    6.0000000000E-01     4.0000000000E+02     1.9559363050E+01
    6.2000000000E-01     4.0000000000E+02     1.8679864017E+01
    6.4000000000E-01     4.0000000000E+02     1.7820514829E+01
    6.6000000000E-01     4.0000000000E+02     1.6972134460E+01
    6.8000000000E-01     4.0000000000E+02     1.6126439569E+01
    7.0000000000E-01     4.0000000000E+02     1.5276101371E+01
    7.2000000000E-01     4.0000000000E+02     1.4414787102E+01
    7.4000000000E-01     4.0000000000E+02     1.3537186540E+01
    7.6000000000E-01     4.0000000000E+02     1.2639024004E+01
    7.8000000000E-01     4.0000000000E+02     1.1717056262E+01
    8.0000000000E-01     4.0000000000E+02     1.0769056761E+01
    8.2000000000E-01     4.0000000000E+02     9.7937866042E+00
    8.4000000000E-01     4.0000000000E+02     8.7909527338E+00
    8.6000000000E-01     4.0000000000E+02     7.7611538478E+00
    8.8000000000E-01     4.0000000000E+02     6.7058146600E+00
    9.0000000000E-01     4.0000000000E+02     5.6271092423E+00
    9.2000000000E-01     4.0000000000E+02     4.5278743277E+00
    9.4000000000E-01     4.0000000000E+02     3.4115136038E+00
    9.6000000000E-01     4.0000000000E+02     2.2818941910E+00
    9.8000000000E-01     4.0000000000E+02     1.1432366497E+00
    1.0000000000E+00     4.0000000000E+02     0.0000000000E+00

    0.0000000000E+00     8.0000000000E+02     1.0000000000E+02
    2.0000000000E-02     8.0000000000E+02     9.6741527472E+01
    4.0000000000E-02     8.0000000000E+02     9.3490072330E+01
    6.0000000000E-02     8.0000000000E+02     9.0252590719E+01
    8.0000000000E-02     8.0000000000E+02     8.7035917119E+01
    1.0000000000E-01     8.0000000000E+02     8.3846705530E+01
    1.2000000000E-01     8.0000000000E+02     8.0691373052E+01
    1.4000000000E-01     8.0000000000E+02     7.7576046579E+01
    1.6000000000E-01     8.0000000000E+02     7.4506513298E+01
    1.8000000000E-01     8.0000000000E+02     7.1488175601E+01
    2.0000000000E-01     8.0000000000E+02     6.8526010961E+01
    2.2000000000E-01     8.0000000000E+02     6.5624537223E+01
    2.4000000000E-01     8.0000000000E+02     6.2787783690E+01
    2.6000000000E-01     8.0000000000E+02     6.0019268283E+01
    2.8000000000E-01     8.0000000000E+02     5.7321980945E+01
    3.0000000000E-01     8.0000000000E+02     5.4698373390E+01
    3.2000000000E-01     8.0000000000E+02     5.2150355162E+01
    3.4000000000E-01     8.0000000000E+02     4.9679295908E+01
    3.6000000000E-01     8.0000000000E+02     4.7286033652E+01
    3.8000000000E-01     8.0000000000E+02     4.4970888783E+01
    4.0000000000E-01     8.0000000000E+02     4.2733683390E+01
    4.2000000000E-01     8.0000000000E+02     4.0573765489E+01
    4.4000000000E-01     8.0000000000E+02     3.8490037653E+01
    4.6000000000E-01     8.0000000000E+02     3.6480989471E+01
    4.8000000000E-01     8.0000000000E+02     3.4544733237E+01
    5.0000000000E-01     8.0000000000E+02     3.2679042247E+01
    5.2000000000E-01     8.0000000000E+02     3.0881391029E+01
    5.4000000000E-01     8.0000000000E+02     2.9148996861E+01
    5.6000000000E-01     8.0000000000E+02     2.7478861897E+01
    5.8000000000E-01     8.0000000000E+02     2.5867815265E+01
    6.0000000000E-01     8.0000000000E+02     2.4312554496E+01
    6.2000000000E-01     8.0000000000E+02     2.2809685687E+01
    6.4000000000E-01     8.0000000000E+02     2.1355761843E+01
    6.6000000000E-01     8.0000000000E+02     1.9947318882E+01
    6.8000000000E-01     8.0000000000E+02     1.8580908844E+01
    7.0000000000E-01     8.0000000000E+02     1.7253129905E+01
    7.2000000000E-01     8.0000000000E+02     1.5960652858E+01
    7.4000000000E-01     8.0000000000E+02     1.4700243789E+01
    7.6000000000E-01     8.0000000000E+02     1.3468782760E+01
    7.8000000000E-01     8.0000000000E+02     1.2263278344E+01
    8.0000000000E-01     8.0000000000E+02     1.1080877982E+01
    8.2000000000E-01     8.0000000000E+02     9.9188741419E+00
    8.4000000000E-01     8.0000000000E+02     8.7747063815E+00
    8.6000000000E-01     8.0000000000E+02     7.6459594427E+00
    8.8000000000E-01     8.0000000000E+02     6.5303575879E+00
    9.0000000000E-01     8.0000000000E+02     5.4257554384E+00
    9.2000000000E-01     8.0000000000E+02     4.3301256319E+00
    9.4000000000E-01     8.0000000000E+02     3.2415436600E+00
    9.6000000000E-01     8.0000000000E+02     2.1581702913E+00
    9.8000000000E-01     8.0000000000E+02     1.0782320187E+00
    1.0000000000E+00     8.0000000000E+02     0.0000000000E+00

    0.0000000000E+00     1.2000000000E+03     1.0000000000E+02
    2.0000000000E-02     1.2000000000E+03     9.7232202460E+01
    4.0000000000E-02     1.2000000000E+03     9.4467845894E+01
    6.0000000000E-02     1.2000000000E+03     9.1710351186E+01
    8.0000000000E-02     1.2000000000E+03     8.8963099215E+01
    1.0000000000E-01     1.2000000000E+03     8.6229411319E+01
    1.2000000000E-01     1.2000000000E+03     8.3512530281E+01
    1.4000000000E-01     1.2000000000E+03     8.0815602039E+01
    1.6000000000E-01     1.2000000000E+03     7.8141658256E+01
    1.8000000000E-01     1.2000000000E+03     7.5493599907E+01
    2.0000000000E-01     1.2000000000E+03     7.2874182028E+01
    2.2000000000E-01     1.2000000000E+03     7.0285999721E+01
    2.4000000000E-01     1.2000000000E+03     6.7731475554E+01
    2.6000000000E-01     1.2000000000E+03     6.5212848410E+01
    2.8000000000E-01     1.2000000000E+03     6.2732163878E+01
    3.0000000000E-01     1.2000000000E+03     6.0291266220E+01
    3.2000000000E-01     1.2000000000E+03     5.7891791954E+01
    3.4000000000E-01     1.2000000000E+03     5.5535165061E+01
    3.6000000000E-01     1.2000000000E+03     5.3222593796E+01
    3.8000000000E-01     1.2000000000E+03     5.0955069102E+01
    4.0000000000E-01     1.2000000000E+03     4.8733364553E+01
    4.2000000000E-01     1.2000000000E+03     4.6558037788E+01
    4.4000000000E-01     1.2000000000E+03     4.4429433337E+01
    4.6000000000E-01     1.2000000000E+03     4.2347686773E+01
    4.8000000000E-01     1.2000000000E+03     4.0312730055E+01
    5.0000000000E-01     1.2000000000E+03     3.8324297979E+01
    5.2000000000E-01     1.2000000000E+03     3.6381935589E+01
    5.4000000000E-01     1.2000000000E+03     3.4485006430E+01
    5.6000000000E-01     1.2000000000E+03     3.2632701507E+01
    5.8000000000E-01     1.2000000000E+03     3.0824048816E+01
    6.0000000000E-01     1.2000000000E+03     2.9057923293E+01
    6.2000000000E-01     1.2000000000E+03     2.7333057076E+01
    6.4000000000E-01     1.2000000000E+03     2.5648049916E+01
    6.6000000000E-01     1.2000000000E+03     2.4001379636E+01
    6.8000000000E-01     1.2000000000E+03     2.2391412510E+01
    7.0000000000E-01     1.2000000000E+03     2.0816413447E+01
    7.2000000000E-01     1.2000000000E+03     1.9274555895E+01
    7.4000000000E-01     1.2000000000E+03     1.7763931375E+01
    7.6000000000E-01     1.2000000000E+03     1.6282558560E+01
    7.8000000000E-01     1.2000000000E+03     1.4828391858E+01
    8.0000000000E-01     1.2000000000E+03     1.3399329445E+01
    8.2000000000E-01     1.2000000000E+03     1.1993220712E+01
    8.4000000000E-01     1.2000000000E+03     1.0607873124E+01
    8.6000000000E-01     1.2000000000E+03     9.2410584772E+00
    8.8000000000E-01     1.2000000000E+03     7.8905185790E+00
    9.0000000000E-01     1.2000000000E+03     6.5539703676E+00
    9.2000000000E-01     1.2000000000E+03     5.2291105174E+00
    9.4000000000E-01     1.2000000000E+03     3.9136195775E+00
    9.6000000000E-01     1.2000000000E+03     2.6051657069E+00
    9.8000000000E-01     1.2000000000E+03     1.3014080741E+00
    1.0000000000E+00     1.2000000000E+03     0.0000000000E+00

    0.0000000000E+00     1.6000000000E+03     1.0000000000E+02
    2.0000000000E-02     1.6000000000E+03     9.7498966431E+01
    4.0000000000E-02     1.6000000000E+03     9.4999994360E+01
    6.0000000000E-02     1.6000000000E+03     9.2505135823E+01
    8.0000000000E-02     1.6000000000E+03     9.0016423986E+01
    1.0000000000E-01     1.6000000000E+03     8.7535863855E+01
    1.2000000000E-01     1.6000000000E+03     8.5065423163E+01
    1.4000000000E-01     1.6000000000E+03     8.2607023477E+01
    1.6000000000E-01     1.6000000000E+03     8.0162531591E+01
    1.8000000000E-01     1.6000000000E+03     7.7733751252E+01
    2.0000000000E-01     1.6000000000E+03     7.5322415253E+01
    2.2000000000E-01     1.6000000000E+03     7.2930177959E+01
    2.4000000000E-01     1.6000000000E+03     7.0558608291E+01
    2.6000000000E-01     1.6000000000E+03     6.8209183197E+01
    2.8000000000E-01     1.6000000000E+03     6.5883281667E+01
    3.0000000000E-01     1.6000000000E+03     6.3582179282E+01
    3.2000000000E-01     1.6000000000E+03     6.1307043357E+01
    3.4000000000E-01     1.6000000000E+03     5.9058928661E+01
    3.6000000000E-01     1.6000000000E+03     5.6838773744E+01
    3.8000000000E-01     1.6000000000E+03     5.4647397880E+01
    4.0000000000E-01     1.6000000000E+03     5.2485498612E+01
    4.2000000000E-01     1.6000000000E+03     5.0353649914E+01
    4.4000000000E-01     1.6000000000E+03     4.8252300946E+01
    4.6000000000E-01     1.6000000000E+03     4.6181775411E+01
    4.8000000000E-01     1.6000000000E+03     4.4142271476E+01
    5.0000000000E-01     1.6000000000E+03     4.2133862257E+01
    5.2000000000E-01     1.6000000000E+03     4.0156496837E+01
    5.4000000000E-01     1.6000000000E+03     3.8210001792E+01
    5.6000000000E-01     1.6000000000E+03     3.6294083199E+01
    5.8000000000E-01     1.6000000000E+03     3.4408329109E+01
    6.0000000000E-01     1.6000000000E+03     3.2552212425E+01
    6.2000000000E-01     1.6000000000E+03     3.0725094194E+01
    6.4000000000E-01     1.6000000000E+03     2.8926227242E+01
    6.6000000000E-01     1.6000000000E+03     2.7154760148E+01
    6.8000000000E-01     1.6000000000E+03     2.5409741515E+01
    7.0000000000E-01     1.6000000000E+03     2.3690124499E+01
    7.2000000000E-01     1.6000000000E+03     2.1994771582E+01
    7.4000000000E-01     1.6000000000E+03     2.0322459548E+01
    7.6000000000E-01     1.6000000000E+03     1.8671884642E+01
    7.8000000000E-01     1.6000000000E+03     1.7041667875E+01
    8.0000000000E-01     1.6000000000E+03     1.5430360470E+01
    8.2000000000E-01     1.6000000000E+03     1.3836449410E+01
    8.4000000000E-01     1.6000000000E+03     1.2258363080E+01
    8.6000000000E-01     1.6000000000E+03     1.0694476975E+01
    8.8000000000E-01     1.6000000000E+03     9.1431194774E+00
    9.0000000000E-01     1.6000000000E+03     7.6025776686E+00
    9.2000000000E-01     1.6000000000E+03     6.0711031814E+00
    9.4000000000E-01     1.6000000000E+03     4.5469180773E+00
    9.6000000000E-01     1.6000000000E+03     3.0282207415E+00
    9.8000000000E-01     1.6000000000E+03     1.5131917926E+00
    1.0000000000E+00     1.6000000000E+03     0.0000000000E+00

    0.0000000000E+00     2.0000000000E+03     1.0000000000E+02
    2.0000000000E-02     2.0000000000E+03     9.7665783037E+01
    4.0000000000E-02     2.0000000000E+03     9.5332902365E+01
    6.0000000000E-02     2.0000000000E+03     9.3002688726E+01
    8.0000000000E-02     2.0000000000E+03     9.0676461798E+01
    1.0000000000E-01     2.0000000000E+03     8.8355524724E+01
    1.2000000000E-01     2.0000000000E+03     8.6041158720E+01
    1.4000000000E-01     2.0000000000E+03     8.3734617794E+01
    1.6000000000E-01     2.0000000000E+03     8.1437123579E+01
    1.8000000000E-01     2.0000000000E+03     7.9149860331E+01
    2.0000000000E-01     2.0000000000E+03     7.6873970091E+01
    2.2000000000E-01     2.0000000000E+03     7.4610548048E+01
    2.4000000000E-01     2.0000000000E+03     7.2360638116E+01
    2.6000000000E-01     2.0000000000E+03     7.0125228745E+01
    2.8000000000E-01     2.0000000000E+03     6.7905248988E+01
    3.0000000000E-01     2.0000000000E+03     6.5701564831E+01
    3.2000000000E-01     2.0000000000E+03     6.3514975814E+01
    3.4000000000E-01     2.0000000000E+03     6.1346211942E+01
    3.6000000000E-01     2.0000000000E+03     5.9195930902E+01
    3.8000000000E-01     2.0000000000E+03     5.7064715603E+01
    4.0000000000E-01     2.0000000000E+03     5.4953072032E+01
    4.2000000000E-01     2.0000000000E+03     5.2861427448E+01
    4.4000000000E-01     2.0000000000E+03     5.0790128906E+01
    4.6000000000E-01     2.0000000000E+03     4.8739442113E+01
    4.8000000000E-01     2.0000000000E+03     4.6709550635E+01
    5.0000000000E-01     2.0000000000E+03     4.4700555422E+01
    5.2000000000E-01     2.0000000000E+03     4.2712474690E+01
    5.4000000000E-01     2.0000000000E+03     4.0745244110E+01
    5.6000000000E-01     2.0000000000E+03     3.8798717342E+01
    5.8000000000E-01     2.0000000000E+03     3.6872666880E+01
    6.0000000000E-01     2.0000000000E+03     3.4966785207E+01
    6.2000000000E-01     2.0000000000E+03     3.3080686255E+01
    6.4000000000E-01     2.0000000000E+03     3.1213907166E+01
    6.6000000000E-01     2.0000000000E+03     2.9365910321E+01
    6.8000000000E-01     2.0000000000E+03     2.7536085652E+01
    7.0000000000E-01     2.0000000000E+03     2.5723753214E+01
    7.2000000000E-01     2.0000000000E+03     2.3928165991E+01
    7.4000000000E-01     2.0000000000E+03     2.2148512955E+01
    7.6000000000E-01     2.0000000000E+03     2.0383922326E+01
    7.8000000000E-01     2.0000000000E+03     1.8633465052E+01
    8.0000000000E-01     2.0000000000E+03     1.6896158474E+01
    8.2000000000E-01     2.0000000000E+03     1.5170970169E+01
    8.4000000000E-01     2.0000000000E+03     1.3456821957E+01
    8.6000000000E-01     2.0000000000E+03     1.1752594057E+01
    8.8000000000E-01     2.0000000000E+03     1.0057129373E+01
    9.0000000000E-01     2.0000000000E+03     8.3692378983E+00
    9.2000000000E-01     2.0000000000E+03     6.6877012300E+00
    9.4000000000E-01     2.0000000000E+03     5.0112771625E+00
    9.6000000000E-01     2.0000000000E+03     3.3387043611E+00
    9.8000000000E-01     2.0000000000E+03     1.6687070926E+00
    1.0000000000E+00     2.0000000000E+03     0.0000000000E+00

