# x exact forward_O1 backward_O1 central_O2 forward_O2 backward_O2 central_O4
   6.283185307179587E-02    9.980267284282716E-01    9.968763376567981E-01    9.988487977691338E-01    9.978625677129660E-01    9.983544660084301E-01    9.983554392984267E-01    9.980266960264534E-01
   9.424777960769380E-02    9.955619646030800E-01    9.939200809535335E-01    9.968763376567981E-01    9.953982093051658E-01    9.958886488664038E-01    9.958901076006301E-01    9.955619322812829E-01
   1.256637061435917E-01    9.921147013144779E-01    9.899829451277927E-01    9.939200809535335E-01    9.919515130406631E-01    9.924400098630384E-01    9.924419526019010E-01    9.921146691045987E-01
   1.570796326794897E-01    9.876883405951378E-01    9.850688156573003E-01    9.899829451277927E-01    9.875258803925465E-01    9.880119523886723E-01    9.880143772149226E-01    9.876883085289636E-01
   1.884955592153876E-01    9.822872507286887E-01    9.791825421945556E-01    9.850688156573012E-01    9.821256789259284E-01    9.826088464014310E-01    9.826117509220559E-01    9.822872188378667E-01
   2.199114857512856E-01    9.759167619387474E-01    9.723299337808037E-01    9.791825421945547E-01    9.757562379876792E-01    9.762360241145902E-01    9.762394054631822E-01    9.759167302547483E-01
   2.513274122871835E-01    9.685831611286311E-01    9.645177531132270E-01    9.723299337808037E-01    9.684238434470154E-01    9.688997747343593E-01    9.689036295739268E-01    9.685831296827245E-01
   2.827433388230814E-01    9.602936856769431E-01    9.557537098709642E-01    9.645177531132270E-01    9.601357314920956E-01    9.606073382531420E-01    9.606116627794382E-01    9.602936545001604E-01
   3.141592653589793E-01    9.510565162951535E-01    9.460464531066070E-01    9.557537098709642E-01    9.509000814887856E-01    9.513668983046101E-01    9.513716882498320E-01    9.510564854182643E-01
   3.455751918948773E-01    9.408807689542255E-01    9.354055627106024E-01    9.460464531066070E-01    9.407260079086046E-01    9.411875740873593E-01    9.411928247244291E-01    9.408807384077014E-01
   3.769911184307752E-01    9.297764858882513E-01    9.238415399570865E-01    9.354055627106024E-01    9.296235513338444E-01    9.300794113654411E-01    9.300851175126000E-01    9.297764557022367E-01
   4.084070449666731E-01    9.177546256839811E-01    9.113657971403737E-01    9.238415399570865E-01    9.176036685487301E-01    9.180533725543552E-01    9.180595285803304E-01    9.177545958882681E-01
   4.398229715025711E-01    9.048270524660195E-01    8.979906463124072E-01    9.113657971403737E-01    9.046782217263905E-01    9.051213259024801E-01    9.051279257320182E-01    9.048270230900097E-01
   4.712388980384690E-01    8.910065241883679E-01    8.837292871322596E-01    8.979906463124072E-01    8.908599667223334E-01    8.912960337785698E-01    8.913030708984240E-01    8.910064952610542E-01
   5.026548245743669E-01    8.763066800438636E-01    8.685957938396374E-01    8.837292871322596E-01    8.761625404859484E-01    8.765911400767842E-01    8.765986075421875E-01    8.763066515937947E-01
   5.340707511102649E-01    8.607420270039436E-01    8.526051013653437E-01    8.685957938396374E-01    8.606004476024905E-01    8.610211567518909E-01    8.610290471933271E-01    8.607419990591965E-01
   5.654866776461628E-01    8.443279255020151E-01    8.357729905922527E-01    8.526051013653402E-01    8.441890459787965E-01    8.446014494976015E-01    8.446097551281934E-01    8.443278980901632E-01
   5.969026041820608E-01    8.270805742745618E-01    8.181160727815552E-01    8.357729905922527E-01    8.269445316869040E-01    8.273482225826536E-01    8.273569352057090E-01    8.270805474226631E-01
   6.283185307179586E-01    8.090169943749475E-01    7.996517731793618E-01    8.181160727815516E-01    8.088839229804567E-01    8.092785028589566E-01    8.092876138762011E-01    8.090169681094972E-01
   6.597344572538566E-01    7.901550123756903E-01    7.803983138201757E-01    7.996517731793618E-01    7.900250434997688E-01    7.904101229583286E-01    7.904196233782651E-01    7.901549867226109E-01
   6.911503837897546E-01    7.705132427757891E-01    7.603746955438768E-01    7.803983138201757E-01    7.703865046820262E-01    7.707617036937027E-01    7.707715841405843E-01    7.705132177603989E-01
   7.225663103256524E-01    7.501110696304596E-01    7.396006792442287E-01    7.603746955438768E-01    7.499876873940527E-01    7.503526356827284E-01    7.503628864057291E-01    7.501110452774439E-01
   7.539822368615504E-01    7.289686274214116E-01    7.180967663672327E-01    7.396006792442287E-01    7.288487228057308E-01    7.292030602114948E-01    7.292136710944064E-01    7.289686037548052E-01
   7.853981633974484E-01    7.071067811865475E-01    6.958841786787086E-01    7.180967663672327E-01    7.069904725229706E-01    7.073338493575885E-01    7.073448099287384E-01    7.071067582297025E-01
   8.168140899333463E-01    6.845471059286886E-01    6.729848373209453E-01    6.958841786787121E-01    6.844345079998287E-01    6.847665853918278E-01    6.847778848344500E-01    6.845470837042642E-01
   8.482300164692442E-01    6.613118653236518E-01    6.494213411791875E-01    6.729848373209453E-01    6.612030892500664E-01    6.615235394791423E-01    6.615351666420637E-01    6.613118438535794E-01
   8.796459430051422E-01    6.374239897486896E-01    6.252169445792778E-01    6.494213411791875E-01    6.373191428792326E-01    6.376276496997023E-01    6.376395931083121E-01    6.374239690541581E-01
   9.110618695410401E-01    6.129070536529765E-01    6.003955343384216E-01    6.252169445792778E-01    6.128062394588497E-01    6.131024984117258E-01    6.131147462793265E-01    6.129070337544097E-01
   9.424777960769380E-01    5.877852522924730E-01    5.749816061918097E-01    6.003955343384216E-01    5.876885702651157E-01    5.879722889785911E-01    5.879848292179936E-01    5.877852332095073E-01
   9.738937226128359E-01    5.620833778521306E-01    5.490002406182505E-01    5.749816061918062E-01    5.619909234050283E-01    5.622618218829704E-01    5.622746421185002E-01    5.620833596035967E-01
   1.005309649148734E+00    5.358267949789965E-01    5.224770780888069E-01    5.490002406182505E-01    5.357386593535287E-01    5.359964702518569E-01    5.360095578314691E-01    5.358267775829068E-01
   1.036725575684632E+00    5.090414157503712E-01    4.954382937627143E-01    5.224770780888069E-01    5.089576859257606E-01    5.092021548162416E-01    5.092154968240871E-01    5.090413992238946E-01
   1.068141502220530E+00    4.817536741017152E-01    4.679105716556595E-01    4.954382937627143E-01    4.816744327091869E-01    4.819053183305274E-01    4.819189015996714E-01    4.817536584611583E-01
   1.099557428756428E+00    4.539904997395468E-01    4.399210783059201E-01    4.679105716556595E-01    4.539158249807898E-01    4.541328994767819E-01    4.541467106021321E-01    4.539904850003447E-01
   1.130973355292326E+00    4.257792915650727E-01    4.114974359641965E-01    4.399210783059201E-01    4.257092571350584E-01    4.259123062793584E-01    4.259263316310505E-01    4.257792777417734E-01
   1.162389281828224E+00    3.971478906347806E-01    3.826676953338727E-01    4.114974359641965E-01    3.970825656490347E-01    3.972713890566667E-01    3.972856147933365E-01    3.971478777410248E-01
   1.193805208364122E+00    3.681245526846779E-01    3.534603078882812E-01    3.826676953338727E-01    3.680640016110770E-01    3.682384129361287E-01    3.682528250187126E-01    3.681245407331903E-01
   1.225221134900019E+00    3.387379202452913E-01    3.239040977925826E-01    3.534603078882812E-01    3.386822028404319E-01    3.388420299599829E-01    3.388566141654855E-01    3.387379092478669E-01
   1.256637061435917E+00    3.090169943749475E-01    2.940282334577822E-01    3.239040977925826E-01    3.089661656251824E-01    3.091112508091683E-01    3.091259927447316E-01    3.090169843424395E-01
   1.288052987971815E+00    2.789911060392293E-01    2.638621987550138E-01    2.940282334577822E-01    2.789452161063980E-01    2.790754161732424E-01    2.790903012903856E-01    2.789910969815370E-01
   1.319468914507713E+00    2.486898871648547E-01    2.334357639185493E-01    2.638621987550138E-01    2.486489813367815E-01    2.487641677947577E-01    2.487791814036295E-01    2.486898790909192E-01
   1.350884841043611E+00    2.181432413965425E-01    2.027789561661325E-01    2.334357639185493E-01    2.181073600423409E-01    2.182074192163077E-01    2.182225465003171E-01    2.181432343143308E-01
   1.382300767579509E+00    1.873813145857245E-01    1.719220300657822E-01    2.027789561661325E-01    1.873504931159574E-01    1.874353262595975E-01    1.874505522899224E-01    1.873813085022249E-01
   1.413716694115407E+00    1.564344650402307E-01    1.408954376781551E-01    1.719220300657822E-01    1.564087338719686E-01    1.564782572652076E-01    1.564935670156070E-01    1.564344599614482E-01
   1.445132620651305E+00    1.253332335643043E-01    1.097297985040501E-01    1.408954376781551E-01    1.253126180911026E-01    1.253667631227444E-01    1.253821414843380E-01    1.253332294952494E-01
   1.476548547187203E+00    9.410831331851428E-02    7.845586926666508E-02    1.097297985040501E-01    9.409283388535758E-02    9.413154712079541E-02    9.414697891699758E-02    9.410831026320271E-02
   1.507964473723101E+00    6.279051952931330E-02    4.710451355840441E-02    7.845586926666508E-02    6.278019141253474E-02    6.280343464648286E-02    6.281890464796905E-02    6.279051749076427E-02
   1.539380400258999E+00    3.141075907812817E-02    1.570667138225457E-02    4.710451355840441E-02    3.140559247032949E-02    3.141334276451267E-02    3.142883570427054E-02    3.141075805835137E-02
   1.570796326794897E+00   -1.608122649676636E-16   -1.570667138225457E-02    1.570667138225457E-02    0.000000000000000E+00   -7.750294179649106E-06    7.750294179649106E-06    5.889916076784289E-16
   1.602212253330795E+00   -3.141075907812828E-02   -4.710451355840441E-02   -1.570667138225457E-02   -3.140559247032949E-02   -3.142883570427054E-02   -3.141334276451267E-02   -3.141075805834961E-02
   1.633628179866693E+00   -6.279051952931340E-02   -7.845586926666508E-02   -4.710451355840441E-02   -6.278019141253474E-02   -6.281890464796727E-02   -6.280343464648286E-02   -6.279051749076485E-02
   1.665044106402590E+00   -9.410831331851438E-02   -1.097297985040536E-01   -7.845586926666508E-02   -9.409283388535934E-02   -9.414697891700288E-02   -9.413154712079541E-02   -9.410831026320536E-02
   1.696460032938488E+00   -1.253332335643044E-01   -1.408954376781551E-01   -1.097297985040536E-01   -1.253126180911043E-01   -1.253821414843450E-01   -1.253667631227444E-01   -1.253332294952506E-01
   1.727875959474386E+00   -1.564344650402310E-01   -1.719220300657822E-01   -1.408954376781551E-01   -1.564087338719686E-01   -1.564935670156053E-01   -1.564782572652076E-01   -1.564344599614467E-01
   1.759291886010284E+00   -1.873813145857248E-01   -2.027789561661325E-01   -1.719220300657822E-01   -1.873504931159574E-01   -1.874505522899224E-01   -1.874353262595993E-01   -1.873813085022258E-01
   1.790707812546182E+00   -2.181432413965426E-01   -2.334357639185493E-01   -2.027789561661325E-01   -2.181073600423409E-01   -2.182225465003171E-01   -2.182074192163077E-01   -2.181432343143326E-01
   1.822123739082080E+00   -2.486898871648549E-01   -2.638621987550138E-01   -2.334357639185493E-01   -2.486489813367815E-01   -2.487791814036295E-01   -2.487641677947577E-01   -2.486898790909186E-01
   1.853539665617978E+00   -2.789911060392293E-01   -2.940282334577822E-01   -2.638621987550138E-01   -2.789452161063980E-01   -2.790903012903856E-01   -2.790754161732424E-01   -2.789910969815367E-01
   1.884955592153876E+00   -3.090169943749476E-01   -3.239040977925826E-01   -2.940282334577822E-01   -3.089661656251824E-01   -3.091259927447316E-01   -3.091112508091683E-01   -3.090169843424383E-01
   1.916371518689774E+00   -3.387379202452915E-01   -3.534603078882812E-01   -3.239040977925826E-01   -3.386822028404319E-01   -3.388566141654837E-01   -3.388420299599846E-01   -3.387379092478666E-01
   1.947787445225672E+00   -3.681245526846780E-01   -3.826676953338692E-01   -3.534603078882812E-01   -3.680640016110752E-01   -3.682528250187038E-01   -3.682384129361287E-01   -3.681245407331889E-01
   1.979203371761570E+00   -3.971478906347807E-01   -4.114974359642001E-01   -3.826676953338692E-01   -3.970825656490347E-01   -3.972856147933453E-01   -3.972713890566614E-01   -3.971478777410239E-01
   2.010619298297468E+00   -4.257792915650727E-01   -4.399210783059130E-01   -4.114974359642001E-01   -4.257092571350566E-01   -4.259263316310345E-01   -4.259123062793673E-01   -4.257792777417702E-01
   2.042035224833366E+00   -4.539904997395467E-01   -4.679105716556595E-01   -4.399210783059130E-01   -4.539158249807863E-01   -4.541467106021339E-01   -4.541328994767660E-01   -4.539904850003402E-01
   2.073451151369264E+00   -4.817536741017154E-01   -4.954382937627072E-01   -4.679105716556595E-01   -4.816744327091833E-01   -4.819189015996556E-01   -4.819053183305291E-01   -4.817536584611539E-01
   2.104867077905161E+00   -5.090414157503713E-01   -5.224770780888035E-01   -4.954382937627072E-01   -5.089576859257553E-01   -5.092154968240764E-01   -5.092021548162275E-01   -5.090413992238867E-01
   2.136283004441060E+00   -5.358267949789969E-01   -5.490002406182505E-01   -5.224770780888035E-01   -5.357386593535269E-01   -5.360095578314725E-01   -5.359964702518463E-01   -5.358267775829044E-01
   2.167698930976957E+00   -5.620833778521307E-01   -5.749816061918026E-01   -5.490002406182505E-01   -5.619909234050265E-01   -5.622746421184914E-01   -5.622618218829704E-01   -5.620833596035958E-01
   2.199114857512855E+00   -5.877852522924730E-01   -6.003955343384181E-01   -5.749816061918026E-01   -5.876885702651103E-01   -5.879848292179864E-01   -5.879722889785752E-01   -5.877852332095002E-01
   2.230530784048753E+00   -6.129070536529766E-01   -6.252169445792742E-01   -6.003955343384181E-01   -6.128062394588462E-01   -6.131147462793158E-01   -6.131024984117205E-01   -6.129070337544035E-01
   2.261946710584651E+00   -6.374239897486897E-01   -6.494213411791839E-01   -6.252169445792742E-01   -6.373191428792291E-01   -6.376395931083032E-01   -6.376276496996952E-01   -6.374239690541524E-01
   2.293362637120549E+00   -6.613118653236520E-01   -6.729848373209418E-01   -6.494213411791839E-01   -6.612030892500629E-01   -6.615351666420584E-01   -6.615235394791299E-01   -6.613118438535736E-01
   2.324778563656447E+00   -6.845471059286887E-01   -6.958841786787050E-01   -6.729848373209418E-01   -6.844345079998234E-01   -6.847778848344394E-01   -6.847665853918137E-01   -6.845470837042583E-01
   2.356194490192345E+00   -7.071067811865475E-01   -7.180967663672292E-01   -6.958841786787050E-01   -7.069904725229671E-01   -7.073448099287295E-01   -7.073338493575796E-01   -7.071067582296954E-01
   2.387610416728243E+00   -7.289686274214117E-01   -7.396006792442216E-01   -7.180967663672292E-01   -7.288487228057254E-01   -7.292136710943957E-01   -7.292030602114825E-01   -7.289686037547958E-01
   2.419026343264141E+00   -7.501110696304596E-01   -7.603746955438697E-01   -7.396006792442216E-01   -7.499876873940456E-01   -7.503628864057132E-01   -7.503526356827125E-01   -7.501110452774339E-01
   2.450442269800039E+00   -7.705132427757894E-01   -7.803983138201721E-01   -7.603746955438697E-01   -7.703865046820210E-01   -7.707715841405738E-01   -7.707617036936885E-01   -7.705132177603916E-01
   2.481858196335937E+00   -7.901550123756904E-01   -7.996517731793548E-01   -7.803983138201721E-01   -7.900250434997634E-01   -7.904196233782528E-01   -7.904101229583180E-01   -7.901549867226029E-01
   2.513274122871834E+00   -8.090169943749473E-01   -8.181160727815481E-01   -7.996517731793548E-01   -8.088839229804514E-01   -8.092876138761905E-01   -8.092785028589425E-01   -8.090169681094889E-01
   2.544690049407733E+00   -8.270805742745619E-01   -8.357729905922492E-01   -8.181160727815445E-01   -8.269445316868969E-01   -8.273569352057020E-01   -8.273482225826306E-01   -8.270805474226539E-01
   2.576105975943630E+00   -8.443279255020151E-01   -8.526051013653366E-01   -8.357729905922492E-01   -8.441890459787930E-01   -8.446097551281846E-01   -8.446014494975926E-01   -8.443278980901578E-01
   2.607521902479529E+00   -8.607420270039438E-01   -8.685957938396338E-01   -8.526051013653332E-01   -8.606004476024834E-01   -8.610290471933174E-01   -8.610211567518681E-01   -8.607419990591868E-01
   2.638937829015426E+00   -8.763066800438636E-01   -8.837292871322543E-01   -8.685957938396338E-01   -8.761625404859441E-01   -8.765986075421734E-01   -8.765911400767771E-01   -8.763066515937881E-01
   2.670353755551325E+00   -8.910065241883680E-01   -8.979906463124037E-01   -8.837292871322543E-01   -8.908599667223290E-01   -8.913030708984142E-01   -8.912960337785593E-01   -8.910064952610477E-01
   2.701769682087222E+00   -9.048270524660196E-01   -9.113657971403684E-01   -8.979906463124037E-01   -9.046782217263860E-01   -9.051279257320066E-01   -9.051213259024713E-01   -9.048270230900036E-01
   2.733185608623120E+00   -9.177546256839811E-01   -9.238415399570812E-01   -9.113657971403684E-01   -9.176036685487248E-01   -9.180595285803180E-01   -9.180533725543428E-01   -9.177545958882602E-01
   2.764601535159018E+00   -9.297764858882515E-01   -9.354055627105988E-01   -9.238415399570812E-01   -9.296235513338400E-01   -9.300851175125920E-01   -9.300794113654306E-01   -9.297764557022306E-01
   2.796017461694916E+00   -9.408807689542255E-01   -9.460464531066016E-01   -9.354055627105988E-01   -9.407260079086002E-01   -9.411928247244150E-01   -9.411875740873523E-01   -9.408807384076950E-01
   2.827433388230814E+00   -9.510565162951536E-01   -9.557537098709608E-01   -9.460464531066016E-01   -9.509000814887811E-01   -9.513716882498235E-01   -9.513668983045969E-01   -9.510564854182572E-01
   2.858849314766712E+00   -9.602936856769431E-01   -9.645177531132209E-01   -9.557537098709608E-01   -9.601357314920907E-01   -9.606116627794241E-01   -9.606073382531349E-01   -9.602936545001540E-01
   2.890265241302610E+00   -9.685831611286311E-01   -9.723299337807984E-01   -9.645177531132209E-01   -9.684238434470096E-01   -9.689036295739154E-01   -9.688997747343452E-01   -9.685831296827166E-01
   2.921681167838508E+00   -9.759167619387474E-01   -9.791825421945494E-01   -9.723299337807984E-01   -9.757562379876739E-01   -9.762394054631695E-01   -9.762360241145797E-01   -9.759167302547406E-01
   2.953097094374406E+00   -9.822872507286887E-01   -9.850688156572959E-01   -9.791825421945494E-01   -9.821256789259226E-01   -9.826117509220427E-01   -9.826088464014182E-01   -9.822872188378585E-01
   2.984513020910304E+00   -9.876883405951378E-01   -9.899829451277874E-01   -9.850688156572959E-01   -9.875258803925416E-01   -9.880143772149108E-01   -9.880119523886617E-01   -9.876883085289565E-01
   3.015928947446202E+00   -9.921147013144779E-01   -9.939200809535272E-01   -9.899829451277874E-01   -9.919515130406573E-01   -9.924419526018876E-01   -9.924400098630261E-01   -9.921146691045905E-01
   3.047344873982099E+00   -9.955619646030800E-01   -9.968763376567923E-01   -9.939200809535272E-01   -9.953982093051598E-01   -9.958901076006178E-01   -9.958886488663896E-01   -9.955619322812745E-01
   3.078760800517998E+00   -9.980267284282716E-01   -9.988487977691282E-01   -9.968763376567923E-01   -9.978625677129602E-01   -9.983554392984137E-01   -9.983544660084178E-01   -9.980266960264456E-01
   3.110176727053895E+00   -9.995065603657316E-01   -9.998355147105429E-01   -9.988487977691282E-01   -9.993421562398355E-01   -9.998355147105358E-01   -9.998350278252890E-01   -9.995065279158611E-01
   3.141592653589794E+00   -1.000000000000000E+00   -9.998355147105430E-01   -9.998355147105429E-01   -9.998355147105429E-01   -1.000328873181243E+00   -1.000328873181243E+00   -9.999999675341098E-01
   3.173008580125691E+00   -9.995065603657316E-01   -9.988487977691284E-01   -9.998355147105430E-01   -9.993421562398357E-01   -9.998350278252894E-01   -9.998355147105360E-01   -9.995065279158614E-01
   3.204424506661589E+00   -9.980267284282716E-01   -9.968763376567918E-01   -9.988487977691284E-01   -9.978625677129602E-01   -9.983544660084174E-01   -9.983554392984137E-01   -9.980266960264452E-01
   3.235840433197487E+00   -9.955619646030800E-01   -9.939200809535272E-01   -9.968763376567923E-01   -9.953982093051598E-01   -9.958886488663901E-01   -9.958901076006174E-01   -9.955619322812747E-01
   3.267256359733385E+00   -9.921147013144779E-01   -9.899829451277874E-01   -9.939200809535272E-01   -9.919515130406573E-01   -9.924400098630256E-01   -9.924419526018883E-01   -9.921146691045906E-01
   3.298672286269283E+00   -9.876883405951377E-01   -9.850688156572959E-01   -9.899829451277874E-01   -9.875258803925416E-01   -9.880119523886621E-01   -9.880143772149104E-01   -9.876883085289565E-01
   3.330088212805181E+00   -9.822872507286886E-01   -9.791825421945494E-01   -9.850688156572959E-01   -9.821256789259226E-01   -9.826088464014187E-01   -9.826117509220422E-01   -9.822872188378585E-01
   3.361504139341079E+00   -9.759167619387474E-01   -9.723299337807984E-01   -9.791825421945494E-01   -9.757562379876739E-01   -9.762360241145805E-01   -9.762394054631690E-01   -9.759167302547408E-01
   3.392920065876977E+00   -9.685831611286311E-01   -9.645177531132200E-01   -9.723299337807984E-01   -9.684238434470092E-01   -9.688997747343434E-01   -9.689036295739150E-01   -9.685831296827160E-01
   3.424335992412875E+00   -9.602936856769431E-01   -9.557537098709608E-01   -9.645177531132200E-01   -9.601357314920903E-01   -9.606073382531340E-01   -9.606116627794237E-01   -9.602936545001531E-01
   3.455751918948773E+00   -9.510565162951535E-01   -9.460464531065998E-01   -9.557537098709608E-01   -9.509000814887802E-01   -9.513668983045933E-01   -9.513716882498249E-01   -9.510564854182567E-01
   3.487167845484671E+00   -9.408807689542255E-01   -9.354055627105988E-01   -9.460464531065998E-01   -9.407260079085993E-01   -9.411875740873532E-01   -9.411928247244106E-01   -9.408807384076938E-01
   3.518583772020569E+00   -9.297764858882512E-01   -9.238415399570812E-01   -9.354055627105970E-01   -9.296235513338391E-01   -9.300794113654315E-01   -9.300851175125877E-01   -9.297764557022297E-01
   3.549999698556467E+00   -9.177546256839810E-01   -9.113657971403684E-01   -9.238415399570812E-01   -9.176036685487248E-01   -9.180533725543428E-01   -9.180595285803171E-01   -9.177545958882601E-01
   3.581415625092364E+00   -9.048270524660195E-01   -8.979906463124054E-01   -9.113657971403684E-01   -9.046782217263869E-01   -9.051213259024757E-01   -9.051279257320058E-01   -9.048270230900048E-01
   3.612831551628263E+00   -8.910065241883677E-01   -8.837292871322525E-01   -8.979906463124037E-01   -8.908599667223281E-01   -8.912960337785575E-01   -8.913030708984124E-01   -8.910064952610475E-01
   3.644247478164160E+00   -8.763066800438635E-01   -8.685957938396320E-01   -8.837292871322525E-01   -8.761625404859423E-01   -8.765911400767753E-01   -8.765986075421690E-01   -8.763066515937862E-01
   3.675663404700058E+00   -8.607420270039434E-01   -8.526051013653332E-01   -8.685957938396338E-01   -8.606004476024834E-01   -8.610211567518697E-01   -8.610290471933165E-01   -8.607419990591870E-01
   3.707079331235956E+00   -8.443279255020150E-01   -8.357729905922492E-01   -8.526051013653332E-01   -8.441890459787912E-01   -8.446014494975944E-01   -8.446097551281766E-01   -8.443278980901555E-01
   3.738495257771854E+00   -8.270805742745618E-01   -8.181160727815481E-01   -8.357729905922492E-01   -8.269445316868986E-01   -8.273482225826377E-01   -8.273569352057002E-01   -8.270805474226557E-01
   3.769911184307752E+00   -8.090169943749472E-01   -7.996517731793583E-01   -8.181160727815445E-01   -8.088839229804514E-01   -8.092785028589479E-01   -8.092876138761852E-01   -8.090169681094892E-01
   3.801327110843650E+00   -7.901550123756903E-01   -7.803983138201686E-01   -7.996517731793583E-01   -7.900250434997634E-01   -7.904101229583109E-01   -7.904196233782581E-01   -7.901549867226032E-01
   3.832743037379548E+00   -7.705132427757890E-01   -7.603746955438733E-01   -7.803983138201686E-01   -7.703865046820210E-01   -7.707617036936938E-01   -7.707715841405685E-01   -7.705132177603909E-01
   3.864158963915446E+00   -7.501110696304594E-01   -7.396006792442216E-01   -7.603746955438733E-01   -7.499876873940474E-01   -7.503526356827143E-01   -7.503628864057204E-01   -7.501110452774385E-01
   3.895574890451344E+00   -7.289686274214116E-01   -7.180967663672292E-01   -7.396006792442216E-01   -7.288487228057254E-01   -7.292030602114878E-01   -7.292136710943905E-01   -7.289686037547958E-01
   3.926990816987242E+00   -7.071067811865474E-01   -6.958841786787050E-01   -7.180967663672256E-01   -7.069904725229653E-01   -7.073338493575849E-01   -7.073448099287190E-01   -7.071067582296948E-01
   3.958406743523140E+00   -6.845471059286886E-01   -6.729848373209418E-01   -6.958841786787050E-01   -6.844345079998234E-01   -6.847665853918189E-01   -6.847778848344359E-01   -6.845470837042569E-01
   3.989822670059038E+00   -6.613118653236516E-01   -6.494213411791839E-01   -6.729848373209418E-01   -6.612030892500629E-01   -6.615235394791423E-01   -6.615351666420514E-01   -6.613118438535748E-01
   4.021238596594936E+00   -6.374239897486895E-01   -6.252169445792742E-01   -6.494213411791839E-01   -6.373191428792291E-01   -6.376276496997041E-01   -6.376395931082979E-01   -6.374239690541537E-01
   4.052654523130833E+00   -6.129070536529765E-01   -6.003955343384181E-01   -6.252169445792742E-01   -6.128062394588462E-01   -6.131024984117223E-01   -6.131147462793176E-01   -6.129070337544031E-01
   4.084070449666731E+00   -5.877852522924732E-01   -5.749816061918026E-01   -6.003955343384181E-01   -5.876885702651103E-01   -5.879722889785804E-01   -5.879848292179882E-01   -5.877852332095008E-01
   4.115486376202630E+00   -5.620833778521301E-01   -5.490002406182469E-01   -5.749816061918026E-01   -5.619909234050248E-01   -5.622618218829686E-01   -5.622746421184949E-01   -5.620833596035941E-01
   4.146902302738527E+00   -5.358267949789963E-01   -5.224770780888035E-01   -5.490002406182469E-01   -5.357386593535252E-01   -5.359964702518516E-01   -5.360095578314691E-01   -5.358267775829048E-01
   4.178318229274425E+00   -5.090414157503711E-01   -4.954382937627072E-01   -5.224770780888035E-01   -5.089576859257553E-01   -5.092021548162293E-01   -5.092154968240835E-01   -5.090413992238902E-01
   4.209734155810323E+00   -4.817536741017153E-01   -4.679105716556595E-01   -4.954382937627072E-01   -4.816744327091833E-01   -4.819053183305309E-01   -4.819189015996608E-01   -4.817536584611542E-01
   4.241150082346221E+00   -4.539904997395469E-01   -4.399210783059130E-01   -4.679105716556595E-01   -4.539158249807863E-01   -4.541328994767713E-01   -4.541467106021356E-01   -4.539904850003429E-01
   4.272566008882119E+00   -4.257792915650722E-01   -4.114974359641930E-01   -4.399210783059130E-01   -4.257092571350530E-01   -4.259123062793584E-01   -4.259263316310363E-01   -4.257792777417687E-01
   4.303981935418017E+00   -3.971478906347803E-01   -3.826676953338692E-01   -4.114974359641930E-01   -3.970825656490311E-01   -3.972713890566685E-01   -3.972856147933295E-01   -3.971478777410204E-01
   4.335397861953915E+00   -3.681245526846778E-01   -3.534603078882777E-01   -3.826676953338692E-01   -3.680640016110734E-01   -3.682384129361234E-01   -3.682528250187090E-01   -3.681245407331883E-01
   4.366813788489813E+00   -3.387379202452914E-01   -3.239040977925826E-01   -3.534603078882777E-01   -3.386822028404302E-01   -3.388420299599864E-01   -3.388566141654801E-01   -3.387379092478651E-01
   4.398229715025710E+00   -3.090169943749476E-01   -2.940282334577787E-01   -3.239040977925826E-01   -3.089661656251807E-01   -3.091112508091630E-01   -3.091259927447333E-01   -3.090169843424374E-01
   4.429645641561609E+00   -2.789911060392287E-01   -2.638621987550138E-01   -2.940282334577787E-01   -2.789452161063962E-01   -2.790754161732495E-01   -2.790903012903768E-01   -2.789910969815346E-01
   4.461061568097507E+00   -2.486898871648544E-01   -2.334357639185458E-01   -2.638621987550138E-01   -2.486489813367798E-01   -2.487641677947506E-01   -2.487791814036330E-01   -2.486898790909168E-01
   4.492477494633405E+00   -2.181432413965424E-01   -2.027789561661325E-01   -2.334357639185458E-01   -2.181073600423391E-01   -2.182074192163095E-01   -2.182225465003118E-01   -2.181432343143287E-01
   4.523893421169302E+00   -1.873813145857246E-01   -1.719220300657787E-01   -2.027789561661325E-01   -1.873504931159556E-01   -1.874353262595922E-01   -1.874505522899241E-01   -1.873813085022228E-01
   4.555309347705200E+00   -1.564344650402310E-01   -1.408954376781551E-01   -1.719220300657787E-01   -1.564087338719669E-01   -1.564782572652076E-01   -1.564935670156000E-01   -1.564344599614458E-01
   4.586725274241099E+00   -1.253332335643037E-01   -1.097297985040501E-01   -1.408954376781515E-01   -1.253126180911008E-01   -1.253667631227444E-01   -1.253821414843344E-01   -1.253332294952470E-01
   4.618141200776996E+00   -9.410831331851396E-02   -7.845586926666508E-02   -1.097297985040501E-01   -9.409283388535758E-02   -9.413154712079541E-02   -9.414697891699936E-02   -9.410831026320507E-02
   4.649557127312894E+00   -6.279051952931321E-02   -4.710451355840441E-02   -7.845586926666508E-02   -6.278019141253474E-02   -6.280343464648286E-02   -6.281890464796905E-02   -6.279051749076427E-02
   4.680973053848792E+00   -3.141075907812830E-02   -1.570667138225457E-02   -4.710451355840441E-02   -3.140559247032949E-02   -3.141334276451267E-02   -3.142883570427054E-02   -3.141075805835137E-02
   4.712388980384690E+00   -1.836970198721030E-16    1.570667138225457E-02   -1.570667138225457E-02    0.000000000000000E+00    7.750294179649106E-06   -7.750294179649106E-06   -5.889916076784289E-16
   4.743804906920588E+00    3.141075907812882E-02    4.710451355840087E-02    1.570667138225810E-02    3.140559247032949E-02    3.142883570427054E-02    3.141334276451267E-02    3.141075805834961E-02
   4.775220833456486E+00    6.279051952931372E-02    7.845586926666508E-02    4.710451355840087E-02    6.278019141253298E-02    6.281890464796905E-02    6.280343464647579E-02    6.279051749076280E-02
   4.806636759992384E+00    9.410831331851449E-02    1.097297985040501E-01    7.845586926666508E-02    9.409283388535758E-02    9.414697891699758E-02    9.413154712079719E-02    9.410831026320329E-02
   4.838052686528282E+00    1.253332335643042E-01    1.408954376781551E-01    1.097297985040501E-01    1.253126180911026E-01    1.253821414843397E-01    1.253667631227444E-01    1.253332294952485E-01
   4.869468613064179E+00    1.564344650402307E-01    1.719220300657822E-01    1.408954376781551E-01    1.564087338719686E-01    1.564935670156088E-01    1.564782572652076E-01    1.564344599614497E-01
   4.900884539600078E+00    1.873813145857251E-01    2.027789561661325E-01    1.719220300657822E-01    1.873504931159574E-01    1.874505522899224E-01    1.874353262595993E-01    1.873813085022258E-01
   4.932300466135976E+00    2.181432413965429E-01    2.334357639185458E-01    2.027789561661325E-01    2.181073600423391E-01    2.182225465003100E-01    2.182074192163095E-01    2.181432343143302E-01
   4.963716392671873E+00    2.486898871648549E-01    2.638621987550138E-01    2.334357639185458E-01    2.486489813367798E-01    2.487791814036313E-01    2.487641677947524E-01    2.486898790909165E-01
   4.995132319207771E+00    2.789911060392292E-01    2.940282334577787E-01    2.638621987550138E-01    2.789452161063962E-01    2.790903012903803E-01    2.790754161732442E-01    2.789910969815346E-01
   5.026548245743669E+00    3.090169943749472E-01    3.239040977925826E-01    2.940282334577787E-01    3.089661656251807E-01    3.091259927447351E-01    3.091112508091612E-01    3.090169843424365E-01
   5.057964172279568E+00    3.387379202452919E-01    3.534603078882812E-01    3.239040977925791E-01    3.386822028404302E-01    3.388566141654837E-01    3.388420299599811E-01    3.387379092478642E-01
   5.089380098815465E+00    3.681245526846783E-01    3.826676953338692E-01    3.534603078882812E-01    3.680640016110752E-01    3.682528250187055E-01    3.682384129361340E-01    3.681245407331892E-01
   5.120796025351363E+00    3.971478906347807E-01    4.114974359641930E-01    3.826676953338692E-01    3.970825656490311E-01    3.972856147933330E-01    3.972713890566632E-01    3.971478777410195E-01
   5.152211951887261E+00    4.257792915650726E-01    4.399210783059130E-01    4.114974359641930E-01    4.257092571350530E-01    4.259263316310399E-01    4.259123062793549E-01    4.257792777417687E-01
   5.183627878423160E+00    4.539904997395474E-01    4.679105716556595E-01    4.399210783059130E-01    4.539158249807863E-01    4.541467106021373E-01    4.541328994767678E-01    4.539904850003420E-01
   5.215043804959057E+00    4.817536741017157E-01    4.954382937627108E-01    4.679105716556595E-01    4.816744327091851E-01    4.819189015996626E-01    4.819053183305345E-01    4.817536584611563E-01
   5.246459731494955E+00    5.090414157503715E-01    5.224770780888035E-01    4.954382937627108E-01    5.089576859257571E-01    5.092154968240853E-01    5.092021548162329E-01    5.090413992238917E-01
   5.277875658030853E+00    5.358267949789968E-01    5.490002406182469E-01    5.224770780888035E-01    5.357386593535252E-01    5.360095578314709E-01    5.359964702518480E-01    5.358267775829030E-01
   5.309291584566751E+00    5.620833778521306E-01    5.749816061918026E-01    5.490002406182469E-01    5.619909234050248E-01    5.622746421184966E-01    5.622618218829669E-01    5.620833596035943E-01
   5.340707511102649E+00    5.877852522924737E-01    6.003955343384181E-01    5.749816061918062E-01    5.876885702651121E-01    5.879848292179900E-01    5.879722889785858E-01    5.877852332095044E-01
   5.372123437638547E+00    6.129070536529769E-01    6.252169445792742E-01    6.003955343384181E-01    6.128062394588462E-01    6.131147462793176E-01    6.131024984117258E-01    6.129070337544038E-01
   5.403539364174445E+00    6.374239897486900E-01    6.494213411791839E-01    6.252169445792742E-01    6.373191428792291E-01    6.376395931083050E-01    6.376276496997023E-01    6.374239690541528E-01
   5.434955290710342E+00    6.613118653236519E-01    6.729848373209418E-01    6.494213411791839E-01    6.612030892500629E-01    6.615351666420584E-01    6.615235394791406E-01    6.613118438535748E-01
   5.466371217246240E+00    6.845471059286886E-01    6.958841786787050E-01    6.729848373209418E-01    6.844345079998234E-01    6.847778848344394E-01    6.847665853918242E-01    6.845470837042595E-01
   5.497787143782139E+00    7.071067811865480E-01    7.180967663672292E-01    6.958841786787050E-01    7.069904725229671E-01    7.073448099287331E-01    7.073338493575867E-01    7.071067582296972E-01
   5.529203070318037E+00    7.289686274214119E-01    7.396006792442216E-01    7.180967663672292E-01    7.288487228057254E-01    7.292136710943975E-01    7.292030602114913E-01    7.289686037547984E-01
   5.560618996853934E+00    7.501110696304597E-01    7.603746955438697E-01    7.396006792442216E-01    7.499876873940456E-01    7.503628864057186E-01    7.503526356827178E-01    7.501110452774366E-01
   5.592034923389832E+00    7.705132427757894E-01    7.803983138201721E-01    7.603746955438697E-01    7.703865046820210E-01    7.707715841405790E-01    7.707617036936956E-01    7.705132177603931E-01
   5.623450849925730E+00    7.901550123756903E-01    7.996517731793548E-01    7.803983138201721E-01    7.900250434997634E-01    7.904196233782563E-01    7.904101229583251E-01    7.901549867226064E-01
   5.654866776461628E+00    8.090169943749478E-01    8.181160727815445E-01    7.996517731793583E-01    8.088839229804514E-01    8.092876138761923E-01    8.092785028589496E-01    8.090169681094904E-01
   5.686282702997526E+00    8.270805742745621E-01    8.357729905922527E-01    8.181160727815445E-01    8.269445316868986E-01    8.273569352057107E-01    8.273482225826395E-01    8.270805474226566E-01
   5.717698629533424E+00    8.443279255020153E-01    8.526051013653332E-01    8.357729905922527E-01    8.441890459787930E-01    8.446097551281828E-01    8.446014494976068E-01    8.443278980901605E-01
   5.749114556069322E+00    8.607420270039438E-01    8.685957938396338E-01    8.526051013653332E-01    8.606004476024834E-01    8.610290471933219E-01    8.610211567518751E-01    8.607419990591881E-01
   5.780530482605220E+00    8.763066800438636E-01    8.837292871322543E-01    8.685957938396338E-01    8.761625404859441E-01    8.765986075421814E-01    8.765911400767824E-01    8.763066515937894E-01
   5.811946409141118E+00    8.910065241883681E-01    8.979906463124037E-01    8.837292871322543E-01    8.908599667223290E-01    8.913030708984195E-01    8.912960337785663E-01    8.910064952610502E-01
   5.843362335677016E+00    9.048270524660197E-01    9.113657971403684E-01    8.979906463124037E-01    9.046782217263860E-01    9.051279257320120E-01    9.051213259024783E-01    9.048270230900063E-01
   5.874778262212914E+00    9.177546256839813E-01    9.238415399570812E-01    9.113657971403684E-01    9.176036685487248E-01    9.180595285803232E-01    9.180533725543498E-01    9.177545958882618E-01
   5.906194188748811E+00    9.297764858882515E-01    9.354055627105988E-01    9.238415399570812E-01    9.296235513338400E-01    9.300851175125965E-01    9.300794113654385E-01    9.297764557022319E-01
   5.937610115284709E+00    9.408807689542255E-01    9.460464531066016E-01    9.354055627105988E-01    9.407260079086002E-01    9.411928247244239E-01    9.411875740873568E-01    9.408807384076965E-01
   5.969026041820608E+00    9.510565162951538E-01    9.557537098709608E-01    9.460464531066016E-01    9.509000814887811E-01    9.513716882498306E-01    9.513668983046031E-01    9.510564854182598E-01
   6.000441968356506E+00    9.602936856769432E-01    9.645177531132209E-01    9.557537098709608E-01    9.601357314920907E-01    9.606116627794329E-01    9.606073382531394E-01    9.602936545001555E-01
   6.031857894892403E+00    9.685831611286312E-01    9.723299337807984E-01    9.645177531132209E-01    9.684238434470096E-01    9.689036295739224E-01    9.688997747343513E-01    9.685831296827188E-01
   6.063273821428301E+00    9.759167619387474E-01    9.791825421945494E-01    9.723299337807984E-01    9.757562379876739E-01    9.762394054631769E-01    9.762360241145867E-01    9.759167302547433E-01
   6.094689747964199E+00    9.822872507286887E-01    9.850688156572951E-01    9.791825421945494E-01    9.821256789259222E-01    9.826117509220480E-01    9.826088464014253E-01    9.822872188378605E-01
   6.126105674500097E+00    9.876883405951379E-01    9.899829451277874E-01    9.850688156572959E-01    9.875258803925416E-01    9.880143772149172E-01    9.880119523886692E-01    9.876883085289587E-01
   6.157521601035995E+00    9.921147013144779E-01    9.939200809535277E-01    9.899829451277874E-01    9.919515130406575E-01    9.924419526018949E-01    9.924400098630336E-01    9.921146691045928E-01
   6.188937527571893E+00    9.955619646030800E-01    9.968763376567923E-01    9.939200809535277E-01    9.953982093051600E-01    9.958901076006242E-01    9.958886488663981E-01    9.955619322812769E-01
   6.220353454107791E+00    9.980267284282716E-01    9.988487977691282E-01    9.968763376567923E-01    9.978625677129602E-01    9.983554392984210E-01    9.983544660084244E-01    9.980266960264476E-01
