# x error_FO1 error_BO1 error_CO2 error_FO2 error_BO2 error_CO4
   6.283185307179587E-02    1.150390771473497E-03    8.220693408622637E-04    1.641607153055613E-04    3.277375801585825E-04    3.287108701551800E-04    3.240181811747789E-08
   9.424777960769380E-02    1.641883649546538E-03    1.314373053718065E-03    1.637552979142365E-04    3.266842633238287E-04    3.281429975501293E-04    3.232179712764349E-08
   1.256637061435917E-01    2.131756186685152E-03    1.805379639055582E-03    1.631882738147850E-04    3.253085485604990E-04    3.272512874231692E-04    3.220987920826701E-08
   1.570796326794897E-01    2.619524937837459E-03    2.294604532654954E-03    1.624602025912525E-04    3.236117935345728E-04    3.260366197848086E-04    3.206617416040558E-08
   1.884955592153876E-01    3.104708534133138E-03    2.781564928612479E-03    1.615718027603297E-04    3.215956727422586E-04    3.245001933671610E-04    3.189082198318260E-08
   2.199114857512856E-01    3.586828157943756E-03    3.265780255807260E-03    1.605239510682477E-04    3.192621758427716E-04    3.226435244347847E-04    3.168399909103670E-08
   2.513274122871835E-01    4.065408015404115E-03    3.746772652172603E-03    1.593176816157005E-04    3.166136057282110E-04    3.204684452957629E-04    3.144590654535762E-08
   2.827433388230814E-01    4.539975805978869E-03    4.224067436283896E-03    1.579541848474308E-04    3.136525761989750E-04    3.179771024951483E-04    3.117678271102875E-08
   3.141592653589793E-01    5.010063188546576E-03    4.697193575810665E-03    1.564348063679555E-04    3.103820094565446E-04    3.151719546784504E-04    3.087688926761700E-08
   3.455751918948773E-01    5.475206243623076E-03    5.165684152381500E-03    1.547610456208437E-04    3.068051331338584E-04    3.120557702036564E-04    3.054652408795988E-08
   3.769911184307752E-01    5.934945931164837E-03    5.629076822351031E-03    1.529345544069027E-04    3.029254771897971E-04    3.086316243486875E-04    3.018601468784965E-08
   4.084070449666731E-01    6.388828543607450E-03    6.086914273105370E-03    1.509571352510397E-04    2.987468703740115E-04    3.049028963492129E-04    2.979571300798511E-08
   4.398229715025711E-01    6.836406153612251E-03    6.538744674354224E-03    1.488307396290134E-04    2.942734364606014E-04    3.008732659987023E-04    2.937600973584864E-08
   4.712388980384690E-01    7.277237056108277E-03    6.984122124039316E-03    1.465574660345359E-04    2.895095902019085E-04    2.965467100560781E-04    2.892731365555790E-08
   5.026548245743669E-01    7.710886204226219E-03    7.422607088396038E-03    1.441395579151461E-04    2.844600329205971E-04    2.919274983239628E-04    2.845006885632273E-08
   5.340707511102649E-01    8.136925638599912E-03    7.853766835693721E-03    1.415794014530958E-04    2.791297479473043E-04    2.870201893834246E-04    2.794474718292861E-08
   5.654866776461628E-01    8.554934909762335E-03    8.277175863325104E-03    1.388795232185602E-04    2.735239955864444E-04    2.818296261782871E-04    2.741185189947259E-08
   5.969026041820608E-01    8.964501493006649E-03    8.692416317690910E-03    1.360425876578697E-04    2.676483080917835E-04    2.763609311471349E-04    2.685189870454963E-08
   6.283185307179586E-01    9.365221195585693E-03    9.099078406604177E-03    1.330713944907025E-04    2.615084840091875E-04    2.706195012536217E-04    2.626545025918858E-08
   6.597344572538566E-01    9.756698555514642E-03    9.496760803671456E-03    1.299688759215378E-04    2.551105826382738E-04    2.646110025747994E-04    2.565307943847017E-08
   6.911503837897546E-01    1.013854723191232E-02    9.885071044386518E-03    1.267380937629570E-04    2.484609179135289E-04    2.583413647951893E-04    2.501539020371979E-08
   7.225663103256524E-01    1.051039038623092E-02    1.026362591341723E-02    1.233822364068438E-04    2.415660522687713E-04    2.518167752695311E-04    2.435301571512838E-08
   7.539822368615504E-01    1.087186105417881E-02    1.063205182281712E-02    1.199046156807881E-04    2.344327900832832E-04    2.450436729948269E-04    2.366660634134377E-08
   7.853981633974484E-01    1.122260250783891E-02    1.098998518068528E-02    1.163086635768140E-04    2.270681710410116E-04    2.380287421909211E-04    2.295684498054840E-08
   8.168140899333463E-01    1.156226860774334E-02    1.133707275002349E-02    1.125979288598700E-04    2.194794631391606E-04    2.307789057613974E-04    2.222442441190964E-08
   8.482300164692442E-01    1.189052414446434E-02    1.167297199729345E-02    1.087760735853927E-04    2.116741554905044E-04    2.233013184118615E-04    2.147007238662013E-08
   8.796459430051422E-01    1.220704516941185E-02    1.199735143049785E-02    1.048468694569982E-04    2.036599510126802E-04    2.156033596224516E-04    2.069453153286105E-08
   9.110618695410401E-01    1.251151931455485E-02    1.230989092630130E-02    1.008141941267748E-04    1.954447587493302E-04    2.076926263500090E-04    1.989856679429636E-08
   9.424777960769380E-01    1.280364610066331E-02    1.261028204594861E-02    9.668202735735321E-05    1.870366861180806E-04    1.995769255205282E-04    1.908296576313973E-08
   9.738937226128359E-01    1.308313723388010E-02    1.289822833967558E-02    9.245444710226369E-05    1.784440308397750E-04    1.912642663696174E-04    1.824853390619552E-08
   1.005309649148734E+00    1.334971689018960E-02    1.317344563925393E-02    8.813562546783338E-05    1.696752728603812E-04    1.827628524725400E-04    1.739608979089979E-08
   1.036725575684632E+00    1.360312198765695E-02    1.343566233843574E-02    8.372982461057887E-05    1.607390658704411E-04    1.740810737158593E-04    1.652647663163975E-08
   1.068141502220530E+00    1.384310244605569E-02    1.368461966099910E-02    7.924139252829532E-05    1.516442288121977E-04    1.652274979562773E-04    1.564055684966092E-08
   1.099557428756428E+00    1.406942143362666E-02    1.392007191611266E-02    7.467475875699847E-05    1.423997372351216E-04    1.562108625852709E-04    1.473920213657109E-08
   1.130973355292326E+00    1.428185560087614E-02    1.414178674084748E-02    7.003443001429854E-05    1.330147142857840E-04    1.470400659778215E-04    1.382329922750003E-08
   1.162389281828224E+00    1.448019530090783E-02    1.434954532941596E-02    6.532498574590706E-05    1.234984218861368E-04    1.377241585559519E-04    1.289375572977036E-08
   1.193805208364122E+00    1.466424479639666E-02    1.454314264919487E-02    6.055107360086742E-05    1.138602514508813E-04    1.282723340347292E-04    1.195148752186626E-08
   1.225221134900019E+00    1.483382245270864E-02    1.472238764298994E-02    5.571740485932342E-05    1.041097146916026E-04    1.186939201942017E-04    1.099742436005968E-08
   1.256637061435917E+00    1.498876091716522E-02    1.488710341763516E-02    5.082874976503060E-05    9.425643422084073E-05    1.089983697841190E-04    1.003250799103128E-08
   1.288052987971815E+00    1.512890728421551E-02    1.503712741855295E-02    4.588993283127785E-05    8.431013401316578E-05    9.919525115631433E-05    9.057692318403809E-09
   1.319468914507713E+00    1.525412324630543E-02    1.517231159015903E-02    4.090582807322884E-05    7.428062990294526E-05    8.929423877473974E-05    8.073935575669822E-09
   1.350884841043611E+00    1.536428523040997E-02    1.529252252200683E-02    3.588135420157235E-05    6.417781976519876E-05    7.930510377460176E-05    7.082211678222095E-09
   1.382300767579509E+00    1.545928451994233E-02    1.539764158040799E-02    3.082146976715605E-05    5.401167387300565E-05    6.923770419783870E-05    6.083499648479318E-09
   1.413716694115407E+00    1.553902736207563E-02    1.548756502555149E-02    2.573116826207200E-05    4.379222497685742E-05    5.910197537634110E-05    5.078782505663071E-09
   1.445132620651305E+00    1.560343506025418E-02    1.556220411385081E-02    2.061547320167390E-05    3.352955844010408E-05    4.890792003373057E-05    4.069054898581115E-09
   1.476548547187203E+00    1.565244405184921E-02    1.562148518553580E-02    1.547943315670375E-05    2.323380228112792E-05    3.866559848329787E-05    3.055311573185726E-09
   1.507964473723101E+00    1.568600597090890E-02    1.566534973735177E-02    1.032811677856293E-05    1.291511716955407E-05    2.838511865574378E-05    2.038549037908233E-09
   1.539380400258999E+00    1.570408769587360E-02    1.569375448027623E-02    5.166607798687273E-06    2.583686384498296E-06    1.807662614236594E-05    1.019776804667138E-09
   1.570796326794897E+00    1.570667138225441E-02    1.570667138225473E-02    1.608122649676636E-16    7.750294179488294E-06    7.750294179809919E-06    7.498038726460926E-16
   1.602212253330795E+00    1.569375448027613E-02    1.570408769587371E-02    5.166607798791356E-06    1.807662614226185E-05    2.583686384394213E-06    1.019778671229599E-09
   1.633628179866693E+00    1.566534973735167E-02    1.568600597090899E-02    1.032811677866008E-05    2.838511865387028E-05    1.291511716945692E-05    2.038548552185659E-09
   1.665044106402590E+00    1.562148518553924E-02    1.565244405184930E-02    1.547943315503841E-05    3.866559848850204E-05    2.323380228103078E-05    3.055309019672769E-09
   1.696460032938488E+00    1.556220411385070E-02    1.560343506025075E-02    2.061547320003632E-05    4.890792004066946E-05    3.352955843999306E-05    4.069053816113666E-09
   1.727875959474386E+00    1.548756502555115E-02    1.553902736207596E-02    2.573116826240507E-05    5.910197537423167E-05    4.379222497652435E-05    5.078784309775486E-09
   1.759291886010284E+00    1.539764158040768E-02    1.545928451994263E-02    3.082146976746136E-05    6.923770419753339E-05    5.401167387447670E-05    6.083499065612230E-09
   1.790707812546182E+00    1.529252252200675E-02    1.536428523041006E-02    3.588135420165561E-05    7.930510377451849E-05    6.417781976511550E-05    7.082209985131982E-09
   1.822123739082080E+00    1.517231159015892E-02    1.525412324630554E-02    4.090582807333987E-05    8.929423877462872E-05    7.428062990283424E-05    8.073936269559212E-09
   1.853539665617978E+00    1.503712741855290E-02    1.512890728421556E-02    4.588993283133336E-05    9.919525115625882E-05    8.431013401311027E-05    9.057692651470717E-09
   1.884955592153876E+00    1.488710341763505E-02    1.498876091716533E-02    5.082874976514162E-05    1.089983697840080E-04    9.425643422072971E-05    1.003250926778776E-08
   1.916371518689774E+00    1.472238764298966E-02    1.483382245270892E-02    5.571740485960097E-05    1.186939201921478E-04    1.041097146930459E-04    1.099742497068235E-08
   1.947787445225672E+00    1.454314264919121E-02    1.466424479639677E-02    6.055107360275480E-05    1.282723340257919E-04    1.138602514507703E-04    1.195148907617849E-08
   1.979203371761570E+00    1.434954532941940E-02    1.448019530091149E-02    6.532498574601808E-05    1.377241585646671E-04    1.234984218807522E-04    1.289375672897108E-08
   2.010619298297468E+00    1.414178674084032E-02    1.428185560087264E-02    7.003443001613041E-05    1.470400659618343E-04    1.330147142945548E-04    1.382330255816910E-08
   2.042035224833366E+00    1.392007191611278E-02    1.406942143363366E-02    7.467475876044016E-05    1.562108625871583E-04    1.423997372193009E-04    1.473920646644089E-08
   2.073451151369264E+00    1.368461966099177E-02    1.384310244605597E-02    7.924139253212559E-05    1.652274979401236E-04    1.516442288136965E-04    1.564056156810878E-08
   2.104867077905161E+00    1.343566233843219E-02    1.360312198766411E-02    8.372982461601897E-05    1.740810737050902E-04    1.607390658562302E-04    1.652648462524553E-08
   2.136283004441060E+00    1.317344563925360E-02    1.334971689019337E-02    8.813562546994280E-05    1.827628524756486E-04    1.696752728493900E-04    1.739609245543505E-08
   2.167698930976957E+00    1.289822833967191E-02    1.308313723388022E-02    9.245444710415107E-05    1.912642663607356E-04    1.784440308396640E-04    1.824853490539624E-08
   2.199114857512855E+00    1.261028204594505E-02    1.280364610067042E-02    9.668202736268228E-05    1.995769255134228E-04    1.870366861022044E-04    1.908297286856708E-08
   2.230530784048753E+00    1.230989092629764E-02    1.251151931455852E-02    1.008141941304386E-04    2.076926263392398E-04    1.954447587438901E-04    1.989857312256760E-08
   2.261946710584651E+00    1.199735143049419E-02    1.220704516941551E-02    1.048468694606619E-04    2.156033596134588E-04    2.036599510054637E-04    2.069453730602078E-08
   2.293362637120549E+00    1.167297199728978E-02    1.189052414446812E-02    1.087760735891674E-04    2.233013184063104E-04    2.116741554778478E-04    2.147007849284677E-08
   2.324778563656447E+00    1.133707275001627E-02    1.156226860774690E-02    1.125979288653101E-04    2.307789057506282E-04    2.194794631249497E-04    2.222443040711397E-08
   2.356194490192345E+00    1.098998518068173E-02    1.122260250784246E-02    1.163086635803667E-04    2.380287421820393E-04    2.270681710321298E-04    2.295685208597575E-08
   2.387610416728243E+00    1.063205182280991E-02    1.087186105418247E-02    1.199046156862282E-04    2.450436729840577E-04    2.344327900708487E-04    2.366661588926178E-08
   2.419026343264141E+00    1.026362591341012E-02    1.051039038623802E-02    1.233822364139492E-04    2.518167752536549E-04    2.415660522528951E-04    2.435302570713560E-08
   2.450442269800039E+00    9.885071044382743E-03    1.013854723191965E-02    1.267380937683971E-04    2.583413647844202E-04    2.484609178990960E-04    2.501539775323636E-08
   2.481858196335937E+00    9.496760803664350E-03    9.756698555518306E-03    1.299688759269779E-04    2.646110025623649E-04    2.551105826276157E-04    2.565308754309825E-08
   2.513274122871834E+00    9.099078406600736E-03    9.365221195592577E-03    1.330713944959205E-04    2.706195012431856E-04    2.615084839951987E-04    2.626545847483897E-08
   2.544690049407733E+00    8.692416317687246E-03    8.964501493017418E-03    1.360425876650861E-04    2.763609311400295E-04    2.676483080686909E-04    2.685190803042303E-08
   2.576105975943630E+00    8.277175863321551E-03    8.554934909765888E-03    1.388795232221129E-04    2.818296261695163E-04    2.735239955775626E-04    2.741185722854311E-08
   2.607521902479529E+00    7.853766835690057E-03    8.136925638610570E-03    1.415794014603122E-04    2.870201893736546E-04    2.791297479243227E-04    2.794475695289123E-08
   2.638937829015426E+00    7.422607088390709E-03    7.710886204229772E-03    1.441395579194760E-04    2.919274983098630E-04    2.844600329134916E-04    2.845007551766088E-08
   2.670353755551325E+00    6.984122124035652E-03    7.277237056113717E-03    1.465574660389768E-04    2.965467100461971E-04    2.895095901912503E-04    2.892732031689604E-08
   2.701769682087222E+00    6.538744674348784E-03    6.836406153615915E-03    1.488307396335653E-04    3.008732659870450E-04    2.942734364517197E-04    2.937601595309758E-08
   2.733185608623120E+00    6.086914273100041E-03    6.388828543612779E-03    1.509571352563688E-04    3.049028963368894E-04    2.987468703616880E-04    2.979572089056859E-08
   2.764601535159018E+00    5.629076822347368E-03    5.934945931170277E-03    1.529345544114546E-04    3.086316243405829E-04    3.029254771791390E-04    3.018602090509859E-08
   2.796017461694916E+00    5.165684152376171E-03    5.475206243626629E-03    1.547610456252846E-04    3.120557701895565E-04    3.068051331268640E-04    3.054653041623112E-08
   2.827433388230814E+00    4.697193575807113E-03    5.010063188552016E-03    1.564348063725074E-04    3.151719546699017E-04    3.103820094432219E-04    3.087689648406666E-08
   2.858849314766712E+00    4.224067436277790E-03    4.539975805982310E-03    1.579541848523158E-04    3.179771024810485E-04    3.136525761918696E-04    3.117678903929999E-08
   2.890265241302610E+00    3.746772652167274E-03    4.065408015410221E-03    1.593176816214736E-04    3.204684452843276E-04    3.166136057141111E-04    3.144591442794109E-08
   2.921681167838508E+00    3.265780255801931E-03    3.586828157949085E-03    1.605239510735768E-04    3.226435244220172E-04    3.192621758322245E-04    3.168400686259787E-08
   2.953097094374406E+00    2.781564928607150E-03    3.104708534139355E-03    1.615718027661028E-04    3.245001933539493E-04    3.215956727294911E-04    3.189083019883299E-08
   2.984513020910304E+00    2.294604532649624E-03    2.619524937841899E-03    1.624602025961375E-04    3.260366197730402E-04    3.236117935239147E-04    3.206618126583294E-08
   3.015928947446202E+00    1.805379639049365E-03    2.131756186690481E-03    1.631882738205581E-04    3.272512874097355E-04    3.253085485481755E-04    3.220988742391739E-08
   3.047344873982099E+00    1.314373053712292E-03    1.641883649552756E-03    1.637552979202317E-04    3.281429975378058E-04    3.266842633096179E-04    3.232180545431618E-08
   3.078760800517998E+00    8.220693408566015E-04    1.150390771479270E-03    1.641607153113345E-04    3.287108701421904E-04    3.277375801462590E-04    3.240182600006136E-08
   3.110176727053895E+00    3.289543448112831E-04    6.577625966034395E-04    1.644041258961337E-04    3.289543448041776E-04    3.284674595573911E-04    3.244987045736281E-08
   3.141592653589794E+00    1.644852894570059E-04    1.644852894571169E-04    1.644852894571169E-04    3.288731812434165E-04    3.288731812434165E-04    3.246589019845203E-08
   3.173008580125691E+00    6.577625966032175E-04    3.289543448113941E-04    1.644041258959117E-04    3.284674595578352E-04    3.289543448043997E-04    3.244987023531820E-08
   3.204424506661589E+00    1.150390771479715E-03    8.220693408568236E-04    1.641607153113345E-04    3.277375801458149E-04    3.287108701421904E-04    3.240182633312827E-08
   3.235840433197487E+00    1.641883649552756E-03    1.314373053712292E-03    1.637552979202317E-04    3.266842633100620E-04    3.281429975373618E-04    3.232180534329387E-08
   3.267256359733385E+00    2.131756186690481E-03    1.805379639049365E-03    1.631882738205581E-04    3.253085485477314E-04    3.272512874104017E-04    3.220988731289509E-08
   3.298672286269283E+00    2.619524937841788E-03    2.294604532649736E-03    1.624602025960264E-04    3.236117935244698E-04    3.260366197727071E-04    3.206618115481064E-08
   3.330088212805181E+00    3.104708534139244E-03    2.781564928607261E-03    1.615718027659918E-04    3.215956727300462E-04    3.245001933536162E-04    3.189083008781068E-08
   3.361504139341079E+00    3.586828157949085E-03    3.265780255801931E-03    1.605239510735768E-04    3.192621758331127E-04    3.226435244215731E-04    3.168400664055326E-08
   3.392920065876977E+00    4.065408015411109E-03    3.746772652167274E-03    1.593176816219177E-04    3.166136057123348E-04    3.204684452838835E-04    3.144591509407491E-08
   3.424335992412875E+00    4.539975805982310E-03    4.224067436276902E-03    1.579541848527599E-04    3.136525761909814E-04    3.179771024806044E-04    3.117678992747841E-08
   3.455751918948773E+00    5.010063188553682E-03    4.697193575807224E-03    1.564348063732846E-04    3.103820094397802E-04    3.151719546713450E-04    3.087689681713357E-08
   3.487167845484671E+00    5.475206243626629E-03    5.165684152374395E-03    1.547610456261728E-04    3.068051331277521E-04    3.120557701851157E-04    3.054653163747645E-08
   3.518583772020569E+00    5.934945931170055E-03    5.629076822345813E-03    1.529345544121208E-04    3.029254771802492E-04    3.086316243364751E-04    3.018602157123240E-08
   3.549999698556467E+00    6.388828543612668E-03    6.086914273100152E-03    1.509571352562578E-04    2.987468703617990E-04    3.049028963361122E-04    2.979572089056859E-08
   3.581415625092364E+00    6.836406153614027E-03    6.538744674348895E-03    1.488307396325661E-04    2.942734364562716E-04    3.008732659863789E-04    2.937601462082995E-08
   3.612831551628263E+00    7.277237056115160E-03    6.984122124035985E-03    1.465574660395319E-04    2.895095901898070E-04    2.965467100447539E-04    2.892732020587374E-08
   3.644247478164160E+00    7.710886204231437E-03    7.422607088389044E-03    1.441395579211413E-04    2.844600329118263E-04    2.919274983055331E-04    2.845007729401772E-08
   3.675663404700058E+00    8.136925638610237E-03    7.853766835690390E-03    1.415794014599792E-04    2.791297479263211E-04    2.870201893730995E-04    2.794475639777971E-08
   3.707079331235956E+00    8.554934909765777E-03    8.277175863318220E-03    1.388795232237783E-04    2.735239955794500E-04    2.818296261616338E-04    2.741185944898916E-08
   3.738495257771854E+00    8.964501493013755E-03    8.692416317687357E-03    1.360425876631988E-04    2.676483080759073E-04    2.763609311383641E-04    2.685190614304389E-08
   3.769911184307752E+00    9.365221195588913E-03    9.099078406597294E-03    1.330713944958095E-04    2.615084840006388E-04    2.706195012379675E-04    2.626545803074976E-08
   3.801327110843650E+00    9.756698555521748E-03    9.496760803668014E-03    1.299688759268669E-04    2.551105826206213E-04    2.646110025678050E-04    2.565308709900904E-08
   3.832743037379548E+00    1.013854723191576E-02    9.885071044379523E-03    1.267380937680640E-04    2.484609179047581E-04    2.583413647794242E-04    2.501539808630326E-08
   3.864158963915446E+00    1.051039038623780E-02    1.026362591341390E-02    1.233822364119508E-04    2.415660522548935E-04    2.518167752609823E-04    2.435302082215429E-08
   3.895574890451344E+00    1.087186105418236E-02    1.063205182281002E-02    1.199046156861172E-04    2.344327900762888E-04    2.450436729789507E-04    2.366661577823947E-08
   3.926990816987242E+00    1.122260250784235E-02    1.098998518067829E-02    1.163086635820321E-04    2.270681710375699E-04    2.380287421716032E-04    2.295685253006496E-08
   3.958406743523140E+00    1.156226860774678E-02    1.133707275001639E-02    1.125979288651990E-04    2.194794631302788E-04    2.307789057472975E-04    2.222443173938160E-08
   3.989822670059038E+00    1.189052414446767E-02    1.167297199729023E-02    1.087760735887233E-04    2.116741554907264E-04    2.233013183997601E-04    2.147007682751223E-08
   4.021238596594936E+00    1.220704516941529E-02    1.199735143049441E-02    1.048468694604399E-04    2.036599510145676E-04    2.156033596083518E-04    2.069453586273085E-08
   4.052654523130833E+00    1.251151931455841E-02    1.230989092629775E-02    1.008141941303276E-04    1.954447587457775E-04    2.076926263411272E-04    1.989857334461220E-08
   4.084070449666731E+00    1.280364610067064E-02    1.261028204594483E-02    9.668202736290432E-05    1.870366861072004E-04    1.995769255149771E-04    1.908297242447787E-08
   4.115486376202630E+00    1.308313723388321E-02    1.289822833967247E-02    9.245444710537232E-05    1.784440308384427E-04    1.912642663647324E-04    1.824853601561927E-08
   4.146902302738527E+00    1.334971689019282E-02    1.317344563925060E-02    8.813562547116405E-05    1.696752728552742E-04    1.827628524727620E-04    1.739609156725663E-08
   4.178318229274425E+00    1.360312198766389E-02    1.343566233843241E-02    8.372982461579692E-05    1.607390658582286E-04    1.740810737124177E-04    1.652648085048725E-08
   4.209734155810323E+00    1.384310244605580E-02    1.368461966099194E-02    7.924139253195905E-05    1.516442288156394E-04    1.652274979455637E-04    1.564056106850842E-08
   4.241150082346221E+00    1.406942143363388E-02    1.392007191611255E-02    7.467475876066221E-05    1.423997372244079E-04    1.562108625886571E-04    1.473920402395024E-08
   4.272566008882119E+00    1.428185560087913E-02    1.414178674084088E-02    7.003443001912801E-05    1.330147142862836E-04    1.470400659641657E-04    1.382330344634752E-08
   4.303981935418017E+00    1.448019530091110E-02    1.434954532941274E-02    6.532498574918222E-05    1.234984218881907E-04    1.377241585491795E-04    1.289375989310670E-08
   4.335397861953915E+00    1.466424479640011E-02    1.454314264919138E-02    6.055107360436462E-05    1.138602514456077E-04    1.282723340312319E-04    1.195148952026770E-08
   4.366813788489813E+00    1.483382245270876E-02    1.472238764298633E-02    5.571740486121080E-05    1.041097146949888E-04    1.186939201887616E-04    1.099742624743882E-08
   4.398229715025710E+00    1.498876091716883E-02    1.488710341763505E-02    5.082874976686247E-05    9.425643421540064E-05    1.089983697857844E-04    1.003251015596618E-08
   4.429645641561609E+00    1.512890728421495E-02    1.503712741855001E-02    4.588993283249909E-05    8.431013402077081E-05    9.919525114804317E-05    9.057694094760649E-09
   4.461061568097507E+00    1.525412324630868E-02    1.517231159015933E-02    4.090582807467213E-05    7.428062989620066E-05    8.929423877859777E-05    8.073937629582417E-09
   4.492477494633405E+00    1.536428523040986E-02    1.529252252200339E-02    3.588135420323768E-05    6.417781976708614E-05    7.930510376941147E-05    7.082213621112388E-09
   4.523893421169302E+00    1.545928451994596E-02    1.539764158040788E-02    3.082146976904343E-05    5.401167386759331E-05    6.923770419950404E-05    6.083501813414216E-09
   4.555309347705200E+00    1.553902736207596E-02    1.548756502554763E-02    2.573116826418143E-05    4.379222497652435E-05    5.910197536893036E-05    5.078785197953906E-09
   4.586725274241099E+00    1.560343506025365E-02    1.556220411384782E-02    2.061547320292290E-05    3.352955844063144E-05    4.890792003070521E-05    4.069056730449105E-09
   4.618141200776996E+00    1.565244405184889E-02    1.562148518553612E-02    1.547943315638456E-05    2.323380228144711E-05    3.866559848539342E-05    3.055308894772679E-09
   4.649557127312894E+00    1.568600597090880E-02    1.566534973735187E-02    1.032811677846579E-05    1.291511716965121E-05    2.838511865584092E-05    2.038548940763718E-09
   4.680973053848792E+00    1.570408769587373E-02    1.569375448027611E-02    5.166607798812173E-06    2.583686384373396E-06    1.807662614224104E-05    1.019776929567229E-09
   4.712388980384690E+00    1.570667138225475E-02    1.570667138225439E-02    1.836970198721030E-16    7.750294179832804E-06    7.750294179465408E-06    4.052945878063260E-16
   4.743804906920588E+00    1.569375448027206E-02    1.570408769587072E-02    5.166607799332590E-06    1.807662614172062E-05    2.583686383852979E-06    1.019779212463323E-09
   4.775220833456486E+00    1.566534973735136E-02    1.568600597091285E-02    1.032811678074175E-05    2.838511865532745E-05    1.291511716207394E-05    2.038550925287375E-09
   4.806636759992384E+00    1.562148518553559E-02    1.565244405184942E-02    1.547943315691191E-05    3.866559848308970E-05    2.323380228269611E-05    3.055311198485455E-09
   4.838052686528282E+00    1.556220411385084E-02    1.560343506025415E-02    2.061547320164614E-05    4.890792003550692E-05    3.352955844013183E-05    4.069055759003959E-09
   4.869468613064179E+00    1.548756502555151E-02    1.553902736207560E-02    2.573116826204425E-05    5.910197537811746E-05    4.379222497688517E-05    5.078781006861988E-09
   4.900884539600078E+00    1.539764158040738E-02    1.545928451994294E-02    3.082146976776667E-05    6.923770419722808E-05    5.401167387417138E-05    6.083499370923562E-09
   4.932300466135976E+00    1.529252252200286E-02    1.536428523041039E-02    3.588135420376504E-05    7.930510376710775E-05    6.417781976655879E-05    7.082212677422817E-09
   4.963716392671873E+00    1.517231159015883E-02    1.525412324630918E-02    4.090582807517174E-05    8.929423877632181E-05    7.428062989744966E-05    8.073938406738534E-09
   4.995132319207771E+00    1.503712741854951E-02    1.512890728421545E-02    4.588993283299869E-05    9.919525115104078E-05    8.431013401499765E-05    9.057694594361010E-09
   5.026548245743669E+00    1.488710341763538E-02    1.498876091716850E-02    5.082874976652940E-05    1.089983697878938E-04    9.425643421395735E-05    1.003251071107769E-08
   5.057964172279568E+00    1.472238764298933E-02    1.483382245271275E-02    5.571740486171040E-05    1.186939201918147E-04    1.041097146892156E-04    1.099742763521760E-08
   5.089380098815465E+00    1.454314264919093E-02    1.466424479639705E-02    6.055107360303236E-05    1.282723340272351E-04    1.138602514557663E-04    1.195148907617849E-08
   5.120796025351363E+00    1.434954532941229E-02    1.448019530091155E-02    6.532498574962631E-05    1.377241585522881E-04    1.234984218824731E-04    1.289376122537433E-08
   5.152211951887261E+00    1.414178674084043E-02    1.428185560087958E-02    7.003443001957210E-05    1.470400659672744E-04    1.330147142823424E-04    1.382330389043673E-08
   5.183627878423160E+00    1.392007191611205E-02    1.406942143363438E-02    7.467475876116181E-05    1.562108625899339E-04    1.423997372203556E-04    1.473920541172902E-08
   5.215043804959057E+00    1.368461966099505E-02    1.384310244605624E-02    7.924139253062679E-05    1.652274979468960E-04    1.516442288187481E-04    1.564055945868503E-08
   5.246459731494955E+00    1.343566233843196E-02    1.360312198766078E-02    8.372982461446465E-05    1.740810737137499E-04    1.607390658613372E-04    1.652647985128652E-08
   5.277875658030853E+00    1.317344563925016E-02    1.334971689019326E-02    8.813562547160814E-05    1.827628524740943E-04    1.696752728512774E-04    1.739609378770268E-08
   5.309291584566751E+00    1.289822833967202E-02    1.308313723388366E-02    9.245444710581641E-05    1.912642663660646E-04    1.784440308363333E-04    1.824853623766387E-08
   5.340707511102649E+00    1.261028204594439E-02    1.280364610066753E-02    9.668202736157205E-05    1.995769255163093E-04    1.870366861120853E-04    1.908296931585340E-08
   5.372123437638547E+00    1.230989092629731E-02    1.251151931455885E-02    1.008141941307716E-04    2.076926263406831E-04    1.954447587488861E-04    1.989857312256760E-08
   5.403539364174445E+00    1.199735143049396E-02    1.220704516941573E-02    1.048468694608840E-04    2.156033596150131E-04    2.036599510123471E-04    2.069453719499847E-08
   5.434955290710342E+00    1.167297199728989E-02    1.189052414446801E-02    1.087760735890564E-04    2.233013184064214E-04    2.116741554886170E-04    2.147007716057914E-08
   5.466371217246240E+00    1.133707275001639E-02    1.156226860774678E-02    1.125979288651990E-04    2.307789057507392E-04    2.194794631356078E-04    2.222442907484634E-08
   5.497787143782139E+00    1.098998518068117E-02    1.122260250784302E-02    1.163086635809218E-04    2.380287421850369E-04    2.270681710386802E-04    2.295685086473043E-08
   5.529203070318037E+00    1.063205182280968E-02    1.087186105418270E-02    1.199046156864503E-04    2.450436729856120E-04    2.344327900793974E-04    2.366661344677112E-08
   5.560618996853934E+00    1.026362591341001E-02    1.051039038623813E-02    1.233822364140602E-04    2.518167752588729E-04    2.415660522581131E-04    2.435302315362264E-08
   5.592034923389832E+00    9.885071044382743E-03    1.013854723191965E-02    1.267380937683971E-04    2.583413647896382E-04    2.484609179062014E-04    2.501539630994642E-08
   5.623450849925730E+00    9.496760803664461E-03    9.756698555518195E-03    1.299688759268669E-04    2.646110025660287E-04    2.551105826348321E-04    2.565308387936227E-08
   5.654866776461628E+00    9.099078406596739E-03    9.365221195589468E-03    1.330713944963646E-04    2.706195012445178E-04    2.615084840018600E-04    2.626545736461594E-08
   5.686282702997526E+00    8.692416317690688E-03    8.964501493017529E-03    1.360425876634208E-04    2.763609311486892E-04    2.676483080774616E-04    2.685190547691008E-08
   5.717698629533424E+00    8.277175863317887E-03    8.554934909762557E-03    1.388795232223350E-04    2.818296261675179E-04    2.735239955915514E-04    2.741185478605246E-08
   5.749114556069322E+00    7.853766835690057E-03    8.136925638610570E-03    1.415794014603122E-04    2.870201893780955E-04    2.791297479313171E-04    2.794475562062360E-08
   5.780530482605220E+00    7.422607088390709E-03    7.710886204229772E-03    1.441395579194760E-04    2.919274983178566E-04    2.844600329188207E-04    2.845007418539325E-08
   5.811946409141118E+00    6.984122124035541E-03    7.277237056113828E-03    1.465574660390878E-04    2.965467100514152E-04    2.895095901981337E-04    2.892731787440539E-08
   5.843362335677016E+00    6.538744674348673E-03    6.836406153616026E-03    1.488307396336763E-04    3.008732659922631E-04    2.942734364586030E-04    2.937601339958462E-08
   5.874778262212914E+00    6.086914273099930E-03    6.388828543612890E-03    1.509571352564798E-04    3.049028963419964E-04    2.987468703685714E-04    2.979571944727866E-08
   5.906194188748811E+00    5.629076822347368E-03    5.934945931170277E-03    1.529345544114546E-04    3.086316243450238E-04    3.029254771870216E-04    3.018601957283096E-08
   5.937610115284709E+00    5.165684152376171E-03    5.475206243626629E-03    1.547610456252846E-04    3.120557701984383E-04    3.068051331313049E-04    3.054652897294119E-08
   5.969026041820608E+00    4.697193575807002E-03    5.010063188552127E-03    1.564348063726184E-04    3.151719546768961E-04    3.103820094493281E-04    3.087689393055371E-08
   6.000441968356506E+00    4.224067436277679E-03    4.539975805982421E-03    1.579541848524268E-04    3.179771024897082E-04    3.136525761961995E-04    3.117678770703236E-08
   6.031857894892403E+00    3.746772652167163E-03    4.065408015410332E-03    1.593176816215847E-04    3.204684452912110E-04    3.166136057201063E-04    3.144591242953965E-08
   6.063273821428301E+00    3.265780255801931E-03    3.586828157949085E-03    1.605239510735768E-04    3.226435244294557E-04    3.192621758392189E-04    3.168400408704031E-08
   6.094689747964199E+00    2.781564928606373E-03    3.104708534139355E-03    1.615718027665469E-04    3.245001933592784E-04    3.215956727365965E-04    3.189082820043154E-08
   6.126105674500097E+00    2.294604532649513E-03    2.619524937842010E-03    1.624602025962485E-04    3.260366197793685E-04    3.236117935313532E-04    3.206617915640919E-08
   6.157521601035995E+00    1.805379639049809E-03    2.131756186690481E-03    1.631882738203361E-04    3.272512874170630E-04    3.253085485557250E-04    3.220988509244904E-08
   6.188937527571893E+00    1.314373053712292E-03    1.641883649552311E-03    1.637552979200096E-04    3.281429975442451E-04    3.266842633180556E-04    3.232180312284783E-08
   6.220353454107791E+00    8.220693408566015E-04    1.150390771479270E-03    1.641607153113345E-04    3.287108701494068E-04    3.277375801528093E-04    3.240182400165992E-08
