   -2.00000000000000E+00    5.00000000000000E+00
   -1.99200000000000E+00    4.96806400000000E+00
   -1.98400000000000E+00    4.93625600000000E+00
   -1.97600000000000E+00    4.90457600000000E+00
   -1.96800000000000E+00    4.87302400000000E+00
   -1.96000000000000E+00    4.84160000000000E+00
   -1.95200000000000E+00    4.81030400000000E+00
   -1.94400000000000E+00    4.77913600000000E+00
   -1.93600000000000E+00    4.74809600000000E+00
   -1.92800000000000E+00    4.71718400000000E+00
   -1.92000000000000E+00    4.68640000000000E+00
   -1.91200000000000E+00    4.65574400000000E+00
   -1.90400000000000E+00    4.62521600000000E+00
   -1.89600000000000E+00    4.59481600000000E+00
   -1.88800000000000E+00    4.56454400000000E+00
   -1.88000000000000E+00    4.53440000000000E+00
   -1.87200000000000E+00    4.50438400000000E+00
   -1.86400000000000E+00    4.47449600000000E+00
   -1.85600000000000E+00    4.44473600000000E+00
   -1.84800000000000E+00    4.41510400000000E+00
   -1.84000000000000E+00    4.38560000000000E+00
   -1.83200000000000E+00    4.35622400000000E+00
   -1.82400000000000E+00    4.32697600000000E+00
   -1.81600000000000E+00    4.29785600000000E+00
   -1.80800000000000E+00    4.26886400000000E+00
   -1.80000000000000E+00    4.24000000000000E+00
   -1.79200000000000E+00    4.21126400000000E+00
   -1.78400000000000E+00    4.18265600000000E+00
   -1.77600000000000E+00    4.15417600000000E+00
   -1.76800000000000E+00    4.12582400000000E+00
   -1.76000000000000E+00    4.09760000000000E+00
   -1.75200000000000E+00    4.06950400000000E+00
   -1.74400000000000E+00    4.04153600000000E+00
   -1.73600000000000E+00    4.01369600000000E+00
   -1.72800000000000E+00    3.98598400000000E+00
   -1.72000000000000E+00    3.95840000000000E+00
   -1.71200000000000E+00    3.93094400000000E+00
   -1.70400000000000E+00    3.90361600000000E+00
   -1.69600000000000E+00    3.87641600000000E+00
   -1.68800000000000E+00    3.84934400000000E+00
   -1.68000000000000E+00    3.82240000000000E+00
   -1.67200000000000E+00    3.79558400000000E+00
   -1.66400000000000E+00    3.76889600000000E+00
   -1.65600000000000E+00    3.74233600000000E+00
   -1.64800000000000E+00    3.71590400000000E+00
   -1.64000000000000E+00    3.68960000000000E+00
   -1.63200000000000E+00    3.66342400000000E+00
   -1.62400000000000E+00    3.63737600000000E+00
   -1.61600000000000E+00    3.61145600000000E+00
   -1.60800000000000E+00    3.58566400000000E+00
   -1.60000000000000E+00    3.56000000000000E+00
   -1.59200000000000E+00    3.53446400000000E+00
   -1.58400000000000E+00    3.50905600000000E+00
   -1.57600000000000E+00    3.48377600000000E+00
   -1.56800000000000E+00    3.45862400000000E+00
   -1.56000000000000E+00    3.43360000000000E+00
   -1.55200000000000E+00    3.40870400000000E+00
   -1.54400000000000E+00    3.38393600000000E+00
   -1.53600000000000E+00    3.35929600000000E+00
   -1.52800000000000E+00    3.33478400000000E+00
   -1.52000000000000E+00    3.31040000000000E+00
   -1.51200000000000E+00    3.28614400000000E+00
   -1.50400000000000E+00    3.26201600000000E+00
   -1.49600000000000E+00    3.23801600000000E+00
   -1.48800000000000E+00    3.21414400000000E+00
   -1.48000000000000E+00    3.19040000000000E+00
   -1.47200000000000E+00    3.16678400000000E+00
   -1.46400000000000E+00    3.14329600000000E+00
   -1.45600000000000E+00    3.11993600000000E+00
   -1.44800000000000E+00    3.09670400000000E+00
   -1.44000000000000E+00    3.07360000000000E+00
   -1.43200000000000E+00    3.05062400000000E+00
   -1.42400000000000E+00    3.02777600000000E+00
   -1.41600000000000E+00    3.00505600000000E+00
   -1.40800000000000E+00    2.98246400000000E+00
   -1.40000000000000E+00    2.96000000000000E+00
   -1.39200000000000E+00    2.93766400000000E+00
   -1.38400000000000E+00    2.91545600000000E+00
   -1.37600000000000E+00    2.89337600000000E+00
   -1.36800000000000E+00    2.87142400000000E+00
   -1.36000000000000E+00    2.84960000000000E+00
   -1.35200000000000E+00    2.82790400000000E+00
   -1.34400000000000E+00    2.80633600000000E+00
   -1.33600000000000E+00    2.78489600000000E+00
   -1.32800000000000E+00    2.76358400000000E+00
   -1.32000000000000E+00    2.74240000000000E+00
   -1.31200000000000E+00    2.72134400000000E+00
   -1.30400000000000E+00    2.70041600000000E+00
   -1.29600000000000E+00    2.67961600000000E+00
   -1.28800000000000E+00    2.65894400000000E+00
   -1.28000000000000E+00    2.63840000000000E+00
   -1.27200000000000E+00    2.61798400000000E+00
   -1.26400000000000E+00    2.59769600000000E+00
   -1.25600000000000E+00    2.57753600000000E+00
   -1.24800000000000E+00    2.55750400000000E+00
   -1.24000000000000E+00    2.53760000000000E+00
   -1.23200000000000E+00    2.51782400000000E+00
   -1.22400000000000E+00    2.49817600000000E+00
   -1.21600000000000E+00    2.47865600000000E+00
   -1.20800000000000E+00    2.45926400000000E+00
   -1.20000000000000E+00    2.44000000000000E+00
   -1.19200000000000E+00    2.42086400000000E+00
   -1.18400000000000E+00    2.40185600000000E+00
   -1.17600000000000E+00    2.38297600000000E+00
   -1.16800000000000E+00    2.36422400000000E+00
   -1.16000000000000E+00    2.34560000000000E+00
   -1.15200000000000E+00    2.32710400000000E+00
   -1.14400000000000E+00    2.30873600000000E+00
   -1.13600000000000E+00    2.29049600000000E+00
   -1.12800000000000E+00    2.27238400000000E+00
   -1.12000000000000E+00    2.25440000000000E+00
   -1.11200000000000E+00    2.23654400000000E+00
   -1.10400000000000E+00    2.21881600000000E+00
   -1.09600000000000E+00    2.20121600000000E+00
   -1.08800000000000E+00    2.18374400000000E+00
   -1.08000000000000E+00    2.16640000000000E+00
   -1.07200000000000E+00    2.14918400000000E+00
   -1.06400000000000E+00    2.13209600000000E+00
   -1.05600000000000E+00    2.11513600000000E+00
   -1.04800000000000E+00    2.09830400000000E+00
   -1.04000000000000E+00    2.08160000000000E+00
   -1.03200000000000E+00    2.06502400000000E+00
   -1.02400000000000E+00    2.04857600000000E+00
   -1.01600000000000E+00    2.03225600000000E+00
   -1.00800000000000E+00    2.01606400000000E+00
   -1.00000000000000E+00    2.00000000000000E+00
   -9.92000000000000E-01    1.98406400000000E+00
   -9.84000000000000E-01    1.96825600000000E+00
   -9.76000000000000E-01    1.95257600000000E+00
   -9.68000000000000E-01    1.93702400000000E+00
   -9.60000000000000E-01    1.92160000000000E+00
   -9.52000000000000E-01    1.90630400000000E+00
   -9.44000000000000E-01    1.89113600000000E+00
   -9.36000000000000E-01    1.87609600000000E+00
   -9.28000000000000E-01    1.86118400000000E+00
   -9.20000000000000E-01    1.84640000000000E+00
   -9.12000000000000E-01    1.83174400000000E+00
   -9.04000000000000E-01    1.81721600000000E+00
   -8.96000000000000E-01    1.80281600000000E+00
   -8.88000000000000E-01    1.78854400000000E+00
   -8.80000000000000E-01    1.77440000000000E+00
   -8.72000000000000E-01    1.76038400000000E+00
   -8.64000000000000E-01    1.74649600000000E+00
   -8.56000000000000E-01    1.73273600000000E+00
   -8.48000000000000E-01    1.71910400000000E+00
   -8.40000000000000E-01    1.70560000000000E+00
   -8.32000000000000E-01    1.69222400000000E+00
   -8.24000000000000E-01    1.67897600000000E+00
   -8.16000000000000E-01    1.66585600000000E+00
   -8.08000000000000E-01    1.65286400000000E+00
   -8.00000000000000E-01    1.64000000000000E+00
   -7.92000000000000E-01    1.62726400000000E+00
   -7.84000000000000E-01    1.61465600000000E+00
   -7.76000000000000E-01    1.60217600000000E+00
   -7.68000000000000E-01    1.58982400000000E+00
   -7.60000000000000E-01    1.57760000000000E+00
   -7.52000000000000E-01    1.56550400000000E+00
   -7.44000000000000E-01    1.55353600000000E+00
   -7.36000000000000E-01    1.54169600000000E+00
   -7.28000000000000E-01    1.52998400000000E+00
   -7.20000000000000E-01    1.51840000000000E+00
   -7.12000000000000E-01    1.50694400000000E+00
   -7.04000000000000E-01    1.49561600000000E+00
   -6.96000000000000E-01    1.48441600000000E+00
   -6.88000000000000E-01    1.47334400000000E+00
   -6.80000000000000E-01    1.46240000000000E+00
   -6.72000000000000E-01    1.45158400000000E+00
   -6.64000000000000E-01    1.44089600000000E+00
   -6.56000000000000E-01    1.43033600000000E+00
   -6.48000000000000E-01    1.41990400000000E+00
   -6.40000000000000E-01    1.40960000000000E+00
   -6.32000000000000E-01    1.39942400000000E+00
   -6.24000000000000E-01    1.38937600000000E+00
   -6.16000000000000E-01    1.37945600000000E+00
   -6.08000000000000E-01    1.36966400000000E+00
   -6.00000000000000E-01    1.36000000000000E+00
   -5.92000000000000E-01    1.35046400000000E+00
   -5.84000000000000E-01    1.34105600000000E+00
   -5.76000000000000E-01    1.33177600000000E+00
   -5.68000000000000E-01    1.32262400000000E+00
   -5.60000000000000E-01    1.31360000000000E+00
   -5.52000000000000E-01    1.30470400000000E+00
   -5.44000000000000E-01    1.29593600000000E+00
   -5.36000000000000E-01    1.28729600000000E+00
   -5.28000000000000E-01    1.27878400000000E+00
   -5.20000000000000E-01    1.27040000000000E+00
   -5.12000000000000E-01    1.26214400000000E+00
   -5.04000000000000E-01    1.25401600000000E+00
   -4.96000000000000E-01    1.24601600000000E+00
   -4.88000000000000E-01    1.23814400000000E+00
   -4.80000000000000E-01    1.23040000000000E+00
   -4.72000000000000E-01    1.22278400000000E+00
   -4.64000000000000E-01    1.21529600000000E+00
   -4.56000000000000E-01    1.20793600000000E+00
   -4.48000000000000E-01    1.20070400000000E+00
   -4.40000000000000E-01    1.19360000000000E+00
   -4.32000000000000E-01    1.18662400000000E+00
   -4.24000000000000E-01    1.17977600000000E+00
   -4.16000000000000E-01    1.17305600000000E+00
   -4.08000000000000E-01    1.16646400000000E+00
   -4.00000000000000E-01    1.16000000000000E+00
   -3.92000000000000E-01    1.15366400000000E+00
   -3.84000000000000E-01    1.14745600000000E+00
   -3.76000000000000E-01    1.14137600000000E+00
   -3.68000000000000E-01    1.13542400000000E+00
   -3.60000000000000E-01    1.12960000000000E+00
   -3.52000000000000E-01    1.12390400000000E+00
   -3.44000000000000E-01    1.11833600000000E+00
   -3.36000000000000E-01    1.11289600000000E+00
   -3.28000000000000E-01    1.10758400000000E+00
   -3.20000000000000E-01    1.10240000000000E+00
   -3.12000000000000E-01    1.09734400000000E+00
   -3.04000000000000E-01    1.09241600000000E+00
   -2.96000000000000E-01    1.08761600000000E+00
   -2.88000000000000E-01    1.08294400000000E+00
   -2.80000000000000E-01    1.07840000000000E+00
   -2.72000000000000E-01    1.07398400000000E+00
   -2.64000000000000E-01    1.06969600000000E+00
   -2.56000000000000E-01    1.06553600000000E+00
   -2.48000000000000E-01    1.06150400000000E+00
   -2.40000000000000E-01    1.05760000000000E+00
   -2.32000000000000E-01    1.05382400000000E+00
   -2.24000000000000E-01    1.05017600000000E+00
   -2.16000000000000E-01    1.04665600000000E+00
   -2.08000000000000E-01    1.04326400000000E+00
   -2.00000000000000E-01    1.04000000000000E+00
   -1.92000000000000E-01    1.03686400000000E+00
   -1.84000000000000E-01    1.03385600000000E+00
   -1.76000000000000E-01    1.03097600000000E+00
   -1.68000000000000E-01    1.02822400000000E+00
   -1.60000000000000E-01    1.02560000000000E+00
   -1.52000000000000E-01    1.02310400000000E+00
   -1.44000000000000E-01    1.02073600000000E+00
   -1.36000000000000E-01    1.01849600000000E+00
   -1.28000000000000E-01    1.01638400000000E+00
   -1.20000000000000E-01    1.01440000000000E+00
   -1.12000000000000E-01    1.01254400000000E+00
   -1.04000000000000E-01    1.01081600000000E+00
   -9.59999999999999E-02    1.00921600000000E+00
   -8.79999999999999E-02    1.00774400000000E+00
   -8.00000000000001E-02    1.00640000000000E+00
   -7.20000000000001E-02    1.00518400000000E+00
   -6.40000000000001E-02    1.00409600000000E+00
   -5.60000000000000E-02    1.00313600000000E+00
   -4.80000000000000E-02    1.00230400000000E+00
   -4.00000000000000E-02    1.00160000000000E+00
   -3.20000000000000E-02    1.00102400000000E+00
   -2.40000000000000E-02    1.00057600000000E+00
   -1.60000000000000E-02    1.00025600000000E+00
   -8.00000000000001E-03    1.00006400000000E+00
    0.00000000000000E+00    1.00000000000000E+00
    8.00000000000001E-03    1.00006400000000E+00
    1.60000000000000E-02    1.00025600000000E+00
    2.40000000000000E-02    1.00057600000000E+00
    3.20000000000000E-02    1.00102400000000E+00
    4.00000000000000E-02    1.00160000000000E+00
    4.80000000000000E-02    1.00230400000000E+00
    5.60000000000000E-02    1.00313600000000E+00
    6.40000000000001E-02    1.00409600000000E+00
    7.20000000000001E-02    1.00518400000000E+00
    8.00000000000001E-02    1.00640000000000E+00
    8.80000000000001E-02    1.00774400000000E+00
    9.60000000000001E-02    1.00921600000000E+00
    1.04000000000000E-01    1.01081600000000E+00
    1.12000000000000E-01    1.01254400000000E+00
    1.20000000000000E-01    1.01440000000000E+00
    1.28000000000000E-01    1.01638400000000E+00
    1.36000000000000E-01    1.01849600000000E+00
    1.44000000000000E-01    1.02073600000000E+00
    1.52000000000000E-01    1.02310400000000E+00
    1.60000000000000E-01    1.02560000000000E+00
    1.68000000000000E-01    1.02822400000000E+00
    1.76000000000000E-01    1.03097600000000E+00
    1.84000000000000E-01    1.03385600000000E+00
    1.92000000000000E-01    1.03686400000000E+00
    2.00000000000000E-01    1.04000000000000E+00
    2.08000000000000E-01    1.04326400000000E+00
    2.16000000000000E-01    1.04665600000000E+00
    2.24000000000000E-01    1.05017600000000E+00
    2.32000000000000E-01    1.05382400000000E+00
    2.40000000000000E-01    1.05760000000000E+00
    2.48000000000000E-01    1.06150400000000E+00
    2.56000000000000E-01    1.06553600000000E+00
    2.64000000000000E-01    1.06969600000000E+00
    2.72000000000000E-01    1.07398400000000E+00
    2.80000000000000E-01    1.07840000000000E+00
    2.88000000000000E-01    1.08294400000000E+00
    2.96000000000000E-01    1.08761600000000E+00
    3.04000000000000E-01    1.09241600000000E+00
    3.12000000000000E-01    1.09734400000000E+00
    3.20000000000000E-01    1.10240000000000E+00
    3.28000000000000E-01    1.10758400000000E+00
    3.36000000000000E-01    1.11289600000000E+00
    3.44000000000000E-01    1.11833600000000E+00
    3.52000000000000E-01    1.12390400000000E+00
    3.60000000000000E-01    1.12960000000000E+00
    3.68000000000000E-01    1.13542400000000E+00
    3.76000000000000E-01    1.14137600000000E+00
    3.84000000000000E-01    1.14745600000000E+00
    3.92000000000000E-01    1.15366400000000E+00
    4.00000000000000E-01    1.16000000000000E+00
    4.08000000000000E-01    1.16646400000000E+00
    4.16000000000000E-01    1.17305600000000E+00
    4.24000000000000E-01    1.17977600000000E+00
    4.32000000000000E-01    1.18662400000000E+00
    4.40000000000000E-01    1.19360000000000E+00
    4.48000000000000E-01    1.20070400000000E+00
    4.56000000000000E-01    1.20793600000000E+00
    4.64000000000000E-01    1.21529600000000E+00
    4.72000000000000E-01    1.22278400000000E+00
    4.80000000000000E-01    1.23040000000000E+00
    4.88000000000000E-01    1.23814400000000E+00
    4.96000000000000E-01    1.24601600000000E+00
    5.04000000000000E-01    1.25401600000000E+00
    5.12000000000000E-01    1.26214400000000E+00
    5.20000000000000E-01    1.27040000000000E+00
    5.28000000000000E-01    1.27878400000000E+00
    5.36000000000000E-01    1.28729600000000E+00
    5.44000000000000E-01    1.29593600000000E+00
    5.52000000000000E-01    1.30470400000000E+00
    5.60000000000000E-01    1.31360000000000E+00
    5.68000000000000E-01    1.32262400000000E+00
    5.76000000000000E-01    1.33177600000000E+00
    5.84000000000000E-01    1.34105600000000E+00
    5.92000000000000E-01    1.35046400000000E+00
    6.00000000000000E-01    1.36000000000000E+00
    6.08000000000000E-01    1.36966400000000E+00
    6.16000000000000E-01    1.37945600000000E+00
    6.24000000000000E-01    1.38937600000000E+00
    6.32000000000000E-01    1.39942400000000E+00
    6.40000000000000E-01    1.40960000000000E+00
    6.48000000000000E-01    1.41990400000000E+00
    6.56000000000000E-01    1.43033600000000E+00
    6.64000000000000E-01    1.44089600000000E+00
    6.72000000000000E-01    1.45158400000000E+00
    6.80000000000000E-01    1.46240000000000E+00
    6.88000000000000E-01    1.47334400000000E+00
    6.96000000000000E-01    1.48441600000000E+00
    7.04000000000000E-01    1.49561600000000E+00
    7.12000000000000E-01    1.50694400000000E+00
    7.20000000000000E-01    1.51840000000000E+00
    7.28000000000000E-01    1.52998400000000E+00
    7.36000000000000E-01    1.54169600000000E+00
    7.44000000000000E-01    1.55353600000000E+00
    7.52000000000000E-01    1.56550400000000E+00
    7.60000000000000E-01    1.57760000000000E+00
    7.68000000000000E-01    1.58982400000000E+00
    7.76000000000000E-01    1.60217600000000E+00
    7.84000000000000E-01    1.61465600000000E+00
    7.92000000000000E-01    1.62726400000000E+00
    8.00000000000000E-01    1.64000000000000E+00
    8.08000000000000E-01    1.65286400000000E+00
    8.16000000000000E-01    1.66585600000000E+00
    8.24000000000000E-01    1.67897600000000E+00
    8.32000000000000E-01    1.69222400000000E+00
    8.40000000000000E-01    1.70560000000000E+00
    8.48000000000000E-01    1.71910400000000E+00
    8.56000000000000E-01    1.73273600000000E+00
    8.64000000000000E-01    1.74649600000000E+00
    8.72000000000000E-01    1.76038400000000E+00
    8.80000000000000E-01    1.77440000000000E+00
    8.88000000000000E-01    1.78854400000000E+00
    8.96000000000000E-01    1.80281600000000E+00
    9.04000000000000E-01    1.81721600000000E+00
    9.12000000000000E-01    1.83174400000000E+00
    9.20000000000000E-01    1.84640000000000E+00
    9.28000000000000E-01    1.86118400000000E+00
    9.36000000000000E-01    1.87609600000000E+00
    9.44000000000000E-01    1.89113600000000E+00
    9.52000000000000E-01    1.90630400000000E+00
    9.60000000000000E-01    1.92160000000000E+00
    9.68000000000000E-01    1.93702400000000E+00
    9.76000000000000E-01    1.95257600000000E+00
    9.84000000000000E-01    1.96825600000000E+00
    9.92000000000000E-01    1.98406400000000E+00
    1.00000000000000E+00    2.00000000000000E+00
    1.00800000000000E+00    2.01606400000000E+00
    1.01600000000000E+00    2.03225600000000E+00
    1.02400000000000E+00    2.04857600000000E+00
    1.03200000000000E+00    2.06502400000000E+00
    1.04000000000000E+00    2.08160000000000E+00
    1.04800000000000E+00    2.09830400000000E+00
    1.05600000000000E+00    2.11513600000000E+00
    1.06400000000000E+00    2.13209600000000E+00
    1.07200000000000E+00    2.14918400000000E+00
    1.08000000000000E+00    2.16640000000000E+00
    1.08800000000000E+00    2.18374400000000E+00
    1.09600000000000E+00    2.20121600000000E+00
    1.10400000000000E+00    2.21881600000000E+00
    1.11200000000000E+00    2.23654400000000E+00
    1.12000000000000E+00    2.25440000000000E+00
    1.12800000000000E+00    2.27238400000000E+00
    1.13600000000000E+00    2.29049600000000E+00
    1.14400000000000E+00    2.30873600000000E+00
    1.15200000000000E+00    2.32710400000000E+00
    1.16000000000000E+00    2.34560000000000E+00
    1.16800000000000E+00    2.36422400000000E+00
    1.17600000000000E+00    2.38297600000000E+00
    1.18400000000000E+00    2.40185600000000E+00
    1.19200000000000E+00    2.42086400000000E+00
    1.20000000000000E+00    2.44000000000000E+00
    1.20800000000000E+00    2.45926400000000E+00
    1.21600000000000E+00    2.47865600000000E+00
    1.22400000000000E+00    2.49817600000000E+00
    1.23200000000000E+00    2.51782400000000E+00
    1.24000000000000E+00    2.53760000000000E+00
    1.24800000000000E+00    2.55750400000000E+00
    1.25600000000000E+00    2.57753600000000E+00
    1.26400000000000E+00    2.59769600000000E+00
    1.27200000000000E+00    2.61798400000000E+00
    1.28000000000000E+00    2.63840000000000E+00
    1.28800000000000E+00    2.65894400000000E+00
    1.29600000000000E+00    2.67961600000000E+00
    1.30400000000000E+00    2.70041600000000E+00
    1.31200000000000E+00    2.72134400000000E+00
    1.32000000000000E+00    2.74240000000000E+00
    1.32800000000000E+00    2.76358400000000E+00
    1.33600000000000E+00    2.78489600000000E+00
    1.34400000000000E+00    2.80633600000000E+00
    1.35200000000000E+00    2.82790400000000E+00
    1.36000000000000E+00    2.84960000000000E+00
    1.36800000000000E+00    2.87142400000000E+00
    1.37600000000000E+00    2.89337600000000E+00
    1.38400000000000E+00    2.91545600000000E+00
    1.39200000000000E+00    2.93766400000000E+00
    1.40000000000000E+00    2.96000000000000E+00
    1.40800000000000E+00    2.98246400000000E+00
    1.41600000000000E+00    3.00505600000000E+00
    1.42400000000000E+00    3.02777600000000E+00
    1.43200000000000E+00    3.05062400000000E+00
    1.44000000000000E+00    3.07360000000000E+00
    1.44800000000000E+00    3.09670400000000E+00
    1.45600000000000E+00    3.11993600000000E+00
    1.46400000000000E+00    3.14329600000000E+00
    1.47200000000000E+00    3.16678400000000E+00
    1.48000000000000E+00    3.19040000000000E+00
    1.48800000000000E+00    3.21414400000000E+00
    1.49600000000000E+00    3.23801600000000E+00
    1.50400000000000E+00    3.26201600000000E+00
    1.51200000000000E+00    3.28614400000000E+00
    1.52000000000000E+00    3.31040000000000E+00
    1.52800000000000E+00    3.33478400000000E+00
    1.53600000000000E+00    3.35929600000000E+00
    1.54400000000000E+00    3.38393600000000E+00
    1.55200000000000E+00    3.40870400000000E+00
    1.56000000000000E+00    3.43360000000000E+00
    1.56800000000000E+00    3.45862400000000E+00
    1.57600000000000E+00    3.48377600000000E+00
    1.58400000000000E+00    3.50905600000000E+00
    1.59200000000000E+00    3.53446400000000E+00
    1.60000000000000E+00    3.56000000000000E+00
    1.60800000000000E+00    3.58566400000000E+00
    1.61600000000000E+00    3.61145600000000E+00
    1.62400000000000E+00    3.63737600000000E+00
    1.63200000000000E+00    3.66342400000000E+00
    1.64000000000000E+00    3.68960000000000E+00
    1.64800000000000E+00    3.71590400000000E+00
    1.65600000000000E+00    3.74233600000000E+00
    1.66400000000000E+00    3.76889600000000E+00
    1.67200000000000E+00    3.79558400000000E+00
    1.68000000000000E+00    3.82240000000000E+00
    1.68800000000000E+00    3.84934400000000E+00
    1.69600000000000E+00    3.87641600000000E+00
    1.70400000000000E+00    3.90361600000000E+00
    1.71200000000000E+00    3.93094400000000E+00
    1.72000000000000E+00    3.95840000000000E+00
    1.72800000000000E+00    3.98598400000000E+00
    1.73600000000000E+00    4.01369600000000E+00
    1.74400000000000E+00    4.04153600000000E+00
    1.75200000000000E+00    4.06950400000000E+00
    1.76000000000000E+00    4.09760000000000E+00
    1.76800000000000E+00    4.12582400000000E+00
    1.77600000000000E+00    4.15417600000000E+00
    1.78400000000000E+00    4.18265600000000E+00
    1.79200000000000E+00    4.21126400000000E+00
    1.80000000000000E+00    4.24000000000000E+00
    1.80800000000000E+00    4.26886400000000E+00
    1.81600000000000E+00    4.29785600000000E+00
    1.82400000000000E+00    4.32697600000000E+00
    1.83200000000000E+00    4.35622400000000E+00
    1.84000000000000E+00    4.38560000000000E+00
    1.84800000000000E+00    4.41510400000000E+00
    1.85600000000000E+00    4.44473600000000E+00
    1.86400000000000E+00    4.47449600000000E+00
    1.87200000000000E+00    4.50438400000000E+00
    1.88000000000000E+00    4.53440000000000E+00
    1.88800000000000E+00    4.56454400000000E+00
    1.89600000000000E+00    4.59481600000000E+00
    1.90400000000000E+00    4.62521600000000E+00
    1.91200000000000E+00    4.65574400000000E+00
    1.92000000000000E+00    4.68640000000000E+00
    1.92800000000000E+00    4.71718400000000E+00
    1.93600000000000E+00    4.74809600000000E+00
    1.94400000000000E+00    4.77913600000000E+00
    1.95200000000000E+00    4.81030400000000E+00
    1.96000000000000E+00    4.84160000000000E+00
    1.96800000000000E+00    4.87302400000000E+00
    1.97600000000000E+00    4.90457600000000E+00
    1.98400000000000E+00    4.93625600000000E+00
    1.99200000000000E+00    4.96806400000000E+00
    2.00000000000000E+00    5.00000000000000E+00
