    0.00000000000000E+00    0.00000000000000E+00    0.00000000000000E+00
    4.16666666666667E-03    4.14889524592872E-03    4.16665461034997E-03
    8.33333333333333E-03    8.29837893710072E-03    8.33323688305095E-03
    1.25000000000000E-02    1.24483656924782E-02    1.24996744817098E-02
    1.66666666666667E-02    1.65987702848219E-02    1.66658950724451E-02
    2.08333333333333E-02    2.07495076410671E-02    2.08318263251428E-02
    2.50000000000000E-02    2.49004928426992E-02    2.49973959147123E-02
    2.91666666666667E-02    2.90516411261300E-02    2.91625315223418E-02
    3.33333333333333E-02    3.32028678830732E-02    3.33271608367536E-02
    3.75000000000000E-02    3.73540886609203E-02    3.74912115554603E-02
    4.16666666666667E-02    4.15052191631167E-02    4.16546113860191E-02
    4.58333333333333E-02    4.56561752495374E-02    4.58172880472876E-02
    5.00000000000000E-02    4.98068729368630E-02    4.99791692706783E-02
    5.41666666666667E-02    5.39572283989551E-02    5.41401828014135E-02
    5.83333333333333E-02    5.81071579672328E-02    5.83002563997792E-02
    6.25000000000000E-02    6.22565781310484E-02    6.24593178423802E-02
    6.66666666666667E-02    6.64054055380628E-02    6.66172949233930E-02
    7.08333333333333E-02    7.05535569946221E-02    7.07741154558199E-02
    7.50000000000000E-02    7.47009494661326E-02    7.49297072727423E-02
    7.91666666666667E-02    7.88475000774377E-02    7.90839982285733E-02
    8.33333333333333E-02    8.29931261131927E-02    8.32369162003102E-02
    8.75000000000000E-02    8.71377450182415E-02    8.73883890887872E-02
    9.16666666666667E-02    9.12812743979921E-02    9.15383448199263E-02
    9.58333333333333E-02    9.54236320187924E-02    9.56867113459893E-02
    1.00000000000000E-01    9.95647358083061E-02    9.98334166468282E-02
    1.04166666666667E-01    1.03704503855889E-01    1.03978388731136E-01
    1.08333333333333E-01    1.07842854412964E-01    1.08121555637695E-01
    1.12500000000000E-01    1.11979705893398E-01    1.12262845436629E-01
    1.16666666666667E-01    1.16114976873876E-01    1.16402186230649E-01
    1.20833333333333E-01    1.20248586094281E-01    1.20539506156304E-01
    1.25000000000000E-01    1.24380452458063E-01    1.24674733385228E-01
    1.29166666666667E-01    1.28510495032623E-01    1.28807796125383E-01
    1.33333333333333E-01    1.32638633049681E-01    1.32938622622314E-01
    1.37500000000000E-01    1.36764785905659E-01    1.37067141160385E-01
    1.41666666666667E-01    1.40888873162052E-01    1.41193280064032E-01
    1.45833333333333E-01    1.45010814545805E-01    1.45316967699002E-01
    1.50000000000000E-01    1.49130529949690E-01    1.49438132473599E-01
    1.54166666666667E-01    1.53247939432680E-01    1.53556702839928E-01
    1.58333333333333E-01    1.57362963220328E-01    1.57672607295134E-01
    1.62500000000000E-01    1.61475521705138E-01    1.61785774382645E-01
    1.66666666666667E-01    1.65585535446947E-01    1.65896132693415E-01
    1.70833333333333E-01    1.69692925173295E-01    1.70003610867159E-01
    1.75000000000000E-01    1.73797611779805E-01    1.74108137593596E-01
    1.79166666666667E-01    1.77899516330556E-01    1.78209641613684E-01
    1.83333333333333E-01    1.81998560058461E-01    1.82308051720858E-01
    1.87500000000000E-01    1.86094664365642E-01    1.86403296762270E-01
    1.91666666666667E-01    1.90187750823805E-01    1.90495305640017E-01
    1.95833333333333E-01    1.94277741174618E-01    1.94584007312381E-01
    2.00000000000000E-01    1.98364557330086E-01    1.98669330795061E-01
    2.04166666666667E-01    2.02448121372924E-01    2.02751205162405E-01
    2.08333333333333E-01    2.06528355556938E-01    2.06829559548641E-01
    2.12500000000000E-01    2.10605182307396E-01    2.10904323149108E-01
    2.16666666666667E-01    2.14678524221409E-01    2.14975425221483E-01
    2.20833333333333E-01    2.18748304068302E-01    2.19042795087015E-01
    2.25000000000000E-01    2.22814444789990E-01    2.23106362131745E-01
    2.29166666666667E-01    2.26876869501360E-01    2.27166055807737E-01
    2.33333333333333E-01    2.30935501490639E-01    2.31221805634299E-01
    2.37500000000000E-01    2.34990264219775E-01    2.35273541199209E-01
    2.41666666666667E-01    2.39041081324811E-01    2.39321192159939E-01
    2.45833333333333E-01    2.43087876616261E-01    2.43364688244871E-01
    2.50000000000000E-01    2.47130574079486E-01    2.47403959254523E-01
    2.54166666666667E-01    2.51169097875071E-01    2.51438935062763E-01
    2.58333333333333E-01    2.55203372339197E-01    2.55469545618029E-01
    2.62500000000000E-01    2.59233321984021E-01    2.59495720944545E-01
    2.66666666666667E-01    2.63258871498053E-01    2.63517391143535E-01
    2.70833333333333E-01    2.67279945746526E-01    2.67534486394436E-01
    2.75000000000000E-01    2.71296469771775E-01    2.71546936956113E-01
    2.79166666666667E-01    2.75308368793616E-01    2.75554673168066E-01
    2.83333333333333E-01    2.79315568209717E-01    2.79557625451642E-01
    2.87500000000000E-01    2.83317993595975E-01    2.83555724311242E-01
    2.91666666666667E-01    2.87315570706895E-01    2.87548900335528E-01
    2.95833333333333E-01    2.91308225475961E-01    2.91537084198628E-01
    3.00000000000000E-01    2.95295884016016E-01    2.95520206661340E-01
    3.04166666666667E-01    2.99278472619636E-01    2.99498198572330E-01
    3.08333333333333E-01    3.03255917759506E-01    3.03470990869340E-01
    3.12500000000000E-01    3.07228146088796E-01    3.07438514580381E-01
    3.16666666666667E-01    3.11195084441537E-01    3.11400700824932E-01
    3.20833333333333E-01    3.15156659832996E-01    3.15357480815138E-01
    3.25000000000000E-01    3.19112799460053E-01    3.19308785857001E-01
    3.29166666666667E-01    3.23063430701576E-01    3.23254547351574E-01
    3.33333333333333E-01    3.27008481118799E-01    3.27194696796152E-01
    3.37500000000000E-01    3.30947878455694E-01    3.31129165785463E-01
    3.41666666666667E-01    3.34881550639350E-01    3.35057886012851E-01
    3.45833333333333E-01    3.38809425780349E-01    3.38980789271468E-01
    3.50000000000000E-01    3.42731432173138E-01    3.42897807455451E-01
    3.54166666666667E-01    3.46647498296410E-01    3.46808872561113E-01
    3.58333333333333E-01    3.50557552813478E-01    3.50713916688114E-01
    3.62500000000000E-01    3.54461524572647E-01    3.54612872040649E-01
    3.66666666666667E-01    3.58359342607596E-01    3.58505670928617E-01
    3.70833333333333E-01    3.62250936137751E-01    3.62392245768804E-01
    3.75000000000000E-01    3.66136234568660E-01    3.66272529086048E-01
    3.79166666666667E-01    3.70015167492370E-01    3.70146453514417E-01
    3.83333333333333E-01    3.73887664687803E-01    3.74013951798377E-01
    3.87500000000000E-01    3.77753656121132E-01    3.77874956793956E-01
    3.91666666666667E-01    3.81613071946155E-01    3.81729401469916E-01
    3.95833333333333E-01    3.85465842504673E-01    3.85577218908911E-01
    4.00000000000000E-01    3.89311898326866E-01    3.89418342308651E-01
    4.04166666666667E-01    3.93151170131667E-01    3.93252704983062E-01
    4.08333333333333E-01    3.96983588827138E-01    3.97080240363445E-01
    4.12500000000000E-01    4.00809085510850E-01    4.00900881999628E-01
    4.16666666666667E-01    4.04627591470251E-01    4.04714563561125E-01
    4.20833333333333E-01    4.08439038183051E-01    4.08521218838280E-01
    4.25000000000000E-01    4.12243357317590E-01    4.12320781743425E-01
    4.29166666666667E-01    4.16040480733218E-01    4.16113186312021E-01
    4.33333333333333E-01    4.19830340480672E-01    4.19898366703806E-01
    4.37500000000000E-01    4.23612868802447E-01    4.23676257203938E-01
    4.41666666666667E-01    4.27387998133177E-01    4.27446792224135E-01
    4.45833333333333E-01    4.31155661100008E-01    4.31209906303815E-01
    4.50000000000000E-01    4.34915790522974E-01    4.34965534111230E-01
    4.54166666666667E-01    4.38668319415373E-01    4.38713610444603E-01
    4.58333333333333E-01    4.42413180984145E-01    4.42454070233259E-01
    4.62500000000000E-01    4.46150308630245E-01    4.46186848538753E-01
    4.66666666666667E-01    4.49879635949020E-01    4.49911880556000E-01
    4.70833333333333E-01    4.53601096730585E-01    4.53629101614399E-01
    4.75000000000000E-01    4.57314624960198E-01    4.57338447178955E-01
    4.79166666666667E-01    4.61020154818638E-01    4.61039852851402E-01
    4.83333333333333E-01    4.64717620682578E-01    4.64733254371318E-01
    4.87500000000000E-01    4.68406957124963E-01    4.68418587617239E-01
    4.91666666666667E-01    4.72088098915386E-01    4.72095788607780E-01
    4.95833333333333E-01    4.75760981020461E-01    4.75764793502738E-01
    5.00000000000000E-01    4.79425538604203E-01    4.79425538604203E-01
    5.04166666666667E-01    4.83081707028400E-01    4.83077960357665E-01
    5.08333333333333E-01    4.86729421852992E-01    4.86721995353115E-01
    5.12500000000000E-01    4.90368618836444E-01    4.90357580326148E-01
    5.16666666666667E-01    4.93999233936126E-01    4.93984652159062E-01
    5.20833333333333E-01    4.97621203308683E-01    4.97603147881951E-01
    5.25000000000000E-01    5.01234463310416E-01    5.01213004673798E-01
    5.29166666666667E-01    5.04838950497655E-01    5.04814159863570E-01
    5.33333333333333E-01    5.08434601627137E-01    5.08406550931301E-01
    5.37500000000000E-01    5.12021353656380E-01    5.11990115509182E-01
    5.41666666666667E-01    5.15599143744060E-01    5.15564791382640E-01
    5.45833333333333E-01    5.19167909250385E-01    5.19130516491419E-01
    5.50000000000000E-01    5.22727587737475E-01    5.22687228930659E-01
    5.54166666666667E-01    5.26278116969731E-01    5.26234866951970E-01
    5.58333333333333E-01    5.29819434914218E-01    5.29773368964503E-01
    5.62500000000000E-01    5.33351479741039E-01    5.33302673536020E-01
    5.66666666666667E-01    5.36874189823706E-01    5.36822719393961E-01
    5.70833333333333E-01    5.40387503739522E-01    5.40333445426508E-01
    5.75000000000000E-01    5.43891360269956E-01    5.43834790683643E-01
    5.79166666666667E-01    5.47385698401013E-01    5.47326694378210E-01
    5.83333333333333E-01    5.50870457323617E-01    5.50809095886970E-01
    5.87500000000000E-01    5.54345576433985E-01    5.54281934751650E-01
    5.91666666666667E-01    5.57810995333999E-01    5.57745150679996E-01
    5.95833333333333E-01    5.61266653831588E-01    5.61198683546818E-01
    6.00000000000000E-01    5.64712491941097E-01    5.64642473395035E-01
    6.04166666666667E-01    5.68148449883670E-01    5.68076460436717E-01
    6.08333333333333E-01    5.71574468087621E-01    5.71500585054117E-01
    6.12500000000000E-01    5.74990487188811E-01    5.74914787800715E-01
    6.16666666666667E-01    5.78396448031023E-01    5.78319009402243E-01
    6.20833333333333E-01    5.81792291666342E-01    5.81713190757717E-01
    6.25000000000000E-01    5.85177959355525E-01    5.85097272940462E-01
    6.29166666666667E-01    5.88553392568382E-01    5.88471197199137E-01
    6.33333333333333E-01    5.91918532984146E-01    5.91834904958753E-01
    6.37500000000000E-01    5.95273322491858E-01    5.95188337821689E-01
    6.41666666666667E-01    5.98617703190732E-01    5.98531437568711E-01
    6.45833333333333E-01    6.01951617390538E-01    6.01864146159974E-01
    6.50000000000000E-01    6.05275007611978E-01    6.05186405736040E-01
    6.54166666666667E-01    6.08587816587057E-01    6.08498158618873E-01
    6.58333333333333E-01    6.11889987259464E-01    6.11799347312847E-01
    6.62500000000000E-01    6.15181462784943E-01    6.15089914505742E-01
    6.66666666666667E-01    6.18462186531675E-01    6.18369803069737E-01
    6.70833333333333E-01    6.21732102080647E-01    6.21638956062405E-01
    6.75000000000000E-01    6.24991153226033E-01    6.24897316727700E-01
    6.79166666666667E-01    6.28239283975569E-01    6.28144828496942E-01
    6.83333333333333E-01    6.31476438550925E-01    6.31381434989799E-01
    6.87500000000000E-01    6.34702561388086E-01    6.34607080015269E-01
    6.91666666666667E-01    6.37917597137725E-01    6.37821707572651E-01
    6.95833333333333E-01    6.41121490665581E-01    6.41025261852519E-01
    7.00000000000000E-01    6.44314187052831E-01    6.44217687237691E-01
    7.04166666666667E-01    6.47495631596470E-01    6.47398928304197E-01
    7.08333333333333E-01    6.50665769809685E-01    6.50568929822236E-01
    7.12500000000000E-01    6.53824547422229E-01    6.53727636757139E-01
    7.16666666666667E-01    6.56971910380802E-01    6.56874994270325E-01
    7.20833333333333E-01    6.60107804849421E-01    6.60010947720247E-01
    7.25000000000000E-01    6.63232177209801E-01    6.63135442663350E-01
    7.29166666666667E-01    6.66344974061727E-01    6.66248424855006E-01
    7.33333333333333E-01    6.69446142223431E-01    6.69349840250466E-01
    7.37500000000000E-01    6.72535628731969E-01    6.72439635005789E-01
    7.41666666666667E-01    6.75613380843597E-01    6.75517755478784E-01
    7.45833333333333E-01    6.78679346034142E-01    6.78584148229935E-01
    7.50000000000000E-01    6.81733471999387E-01    6.81638760023334E-01
    7.54166666666667E-01    6.84775706655439E-01    6.84681537827604E-01
    7.58333333333333E-01    6.87805998139107E-01    6.87712428816818E-01
    7.62500000000000E-01    6.90824294808279E-01    6.90731380371416E-01
    7.66666666666667E-01    6.93830545242298E-01    6.93738340079120E-01
    7.70833333333333E-01    6.96824698242337E-01    6.96733255735846E-01
    7.75000000000000E-01    6.99806702831773E-01    6.99716075346604E-01
    7.79166666666667E-01    7.02776508256567E-01    7.02686747126406E-01
    7.83333333333333E-01    7.05734063985637E-01    7.05645219501165E-01
    7.87500000000000E-01    7.08679319711234E-01    7.08591441108587E-01
    7.91666666666667E-01    7.11612225349320E-01    7.11525360799065E-01
    7.95833333333333E-01    7.14532731039941E-01    7.14446927636568E-01
    8.00000000000000E-01    7.17440787147605E-01    7.17356090899523E-01
    8.04166666666667E-01    7.20336344261655E-01    7.20252800081695E-01
    8.08333333333333E-01    7.23219353196650E-01    7.23137004893067E-01
    8.12500000000000E-01    7.26089764992735E-01    7.26008655260713E-01
    8.16666666666667E-01    7.28947530916022E-01    7.28867701329662E-01
    8.20833333333333E-01    7.31792602458962E-01    7.31714093463770E-01
    8.25000000000000E-01    7.34624931340721E-01    7.34547782246579E-01
    8.29166666666667E-01    7.37444469507561E-01    7.37368718482173E-01
    8.33333333333333E-01    7.40251169133210E-01    7.40176853196037E-01
    8.37500000000000E-01    7.43044982619238E-01    7.42972137635902E-01
    8.41666666666667E-01    7.45825862595439E-01    7.45754523272595E-01
    8.45833333333333E-01    7.48593761920198E-01    7.48523961800878E-01
    8.50000000000000E-01    7.51348633680876E-01    7.51280405140293E-01
    8.54166666666667E-01    7.54090431194179E-01    7.54023805435988E-01
    8.58333333333333E-01    7.56819108006536E-01    7.56754115059556E-01
    8.62500000000000E-01    7.59534617894476E-01    7.59471286609856E-01
    8.66666666666667E-01    7.62236914865003E-01    7.62175272913840E-01
    8.70833333333333E-01    7.64925953155971E-01    7.64866027027368E-01
    8.75000000000000E-01    7.67601687236463E-01    7.67543502236027E-01
    8.79166666666667E-01    7.70264071807161E-01    7.70207652055940E-01
    8.83333333333333E-01    7.72913061800730E-01    7.72858430234572E-01
    8.87500000000000E-01    7.75548612382184E-01    7.75495790751537E-01
    8.91666666666667E-01    7.78170678949272E-01    7.78119687819390E-01
    8.95833333333333E-01    7.80779217132846E-01    7.80730075884429E-01
    9.00000000000000E-01    7.83374182797241E-01    7.83326909627483E-01
    9.04166666666667E-01    7.85955532040651E-01    7.85910143964698E-01
    9.08333333333333E-01    7.88523221195501E-01    7.88479734048320E-01
    9.12500000000000E-01    7.91077206828828E-01    7.91035635267475E-01
    9.16666666666667E-01    7.93617445742653E-01    7.93577803248942E-01
    9.20833333333333E-01    7.96143894974358E-01    7.96106193857924E-01
    9.25000000000000E-01    7.98656511797063E-01    7.98620763198814E-01
    9.29166666666667E-01    8.01155253720001E-01    8.01121467615958E-01
    9.33333333333333E-01    8.03640078488893E-01    8.03608263694411E-01
    9.37500000000000E-01    8.06110944086327E-01    8.06081108260693E-01
    9.41666666666667E-01    8.08567808732127E-01    8.08539958383536E-01
    9.45833333333333E-01    8.11010630883738E-01    8.10984771374633E-01
    9.50000000000000E-01    8.13439369236595E-01    8.13415504789374E-01
    9.54166666666667E-01    8.15853982724502E-01    8.15832116427587E-01
    9.58333333333333E-01    8.18254430520007E-01    8.18234564334271E-01
    9.62500000000000E-01    8.20640672034777E-01    8.20622806800321E-01
    9.66666666666667E-01    8.23012666919976E-01    8.22996802363253E-01
    9.70833333333333E-01    8.25370375066639E-01    8.25356509807926E-01
    9.75000000000000E-01    8.27713756606047E-01    8.27701888167258E-01
    9.79166666666667E-01    8.30042771910108E-01    8.30032896722931E-01
    9.83333333333333E-01    8.32357381591727E-01    8.32349495006107E-01
    9.87500000000000E-01    8.34657546505183E-01    8.34651642798124E-01
    9.91666666666667E-01    8.36943227746507E-01    8.36939300131194E-01
    9.95833333333333E-01    8.39214386653858E-01    8.39212427289104E-01
    1.00000000000000E+00    8.41470984807897E-01    8.41470984807897E-01
    1.00416666666667E+00    8.43712984032161E-01    8.43714933476560E-01
    1.00833333333333E+00    8.45940346393446E-01    8.45944234337710E-01
    1.01250000000000E+00    8.48153034202175E-01    8.48158848688261E-01
    1.01666666666667E+00    8.50351010012778E-01    8.50358738080104E-01
    1.02083333333333E+00    8.52534236624067E-01    8.52543864320770E-01
    1.02500000000000E+00    8.54702677079612E-01    8.54714189474093E-01
    1.02916666666667E+00    8.56856294668116E-01    8.56869675860873E-01
    1.03333333333333E+00    8.58995052923793E-01    8.59010286059525E-01
    1.03750000000000E+00    8.61118915626742E-01    8.61135982906732E-01
    1.04166666666667E+00    8.63227846803322E-01    8.63246729498086E-01
    1.04583333333333E+00    8.65321810726531E-01    8.65342489188736E-01
    1.05000000000000E+00    8.67400771916380E-01    8.67423225594017E-01
    1.05416666666667E+00    8.69464695140266E-01    8.69488902590085E-01
    1.05833333333333E+00    8.71513545413355E-01    8.71539484314545E-01
    1.06250000000000E+00    8.73547287998951E-01    8.73574935167071E-01
    1.06666666666667E+00    8.75565888408875E-01    8.75595219810026E-01
    1.07083333333333E+00    8.77569312403841E-01    8.77600303169073E-01
    1.07500000000000E+00    8.79557525993830E-01    8.79590150433789E-01
    1.07916666666667E+00    8.81530495438469E-01    8.81564727058264E-01
    1.08333333333333E+00    8.83488187247404E-01    8.83523998761704E-01
    1.08750000000000E+00    8.85430568180675E-01    8.85467931529023E-01
    1.09166666666667E+00    8.87357605249098E-01    8.87396491611438E-01
    1.09583333333333E+00    8.89269265714632E-01    8.89309645527052E-01
    1.10000000000000E+00    8.91165517090762E-01    8.91207360061435E-01
    1.10416666666667E+00    8.93046327142872E-01    8.93089602268202E-01
    1.10833333333333E+00    8.94911663888622E-01    8.94956339469583E-01
    1.11250000000000E+00    8.96761495598320E-01    8.96807539256995E-01
    1.11666666666667E+00    8.98595790795304E-01    8.98643169491597E-01
    1.12083333333333E+00    9.00414518256313E-01    9.00463198304856E-01
    1.12500000000000E+00    9.02217647011867E-01    9.02267594099095E-01
    1.12916666666667E+00    9.04005146346637E-01    9.04056325548044E-01
    1.13333333333333E+00    9.05776985799826E-01    9.05829361597381E-01
    1.13750000000000E+00    9.07533135165545E-01    9.07586671465276E-01
    1.14166666666667E+00    9.09273564493184E-01    9.09328224642921E-01
    1.14583333333333E+00    9.10998244087793E-01    9.11053990895062E-01
    1.15000000000000E+00    9.12707144510455E-01    9.12763940260521E-01
    1.15416666666667E+00    9.14400236578664E-01    9.14458043052722E-01
    1.15833333333333E+00    9.16077491366696E-01    9.16136269860199E-01
    1.16250000000000E+00    9.17738880205993E-01    9.17798591547114E-01
    1.16666666666667E+00    9.19384374685532E-01    9.19444979253755E-01
    1.17083333333333E+00    9.21013946652202E-01    9.21075404397045E-01
    1.17500000000000E+00    9.22627568211183E-01    9.22689838671033E-01
    1.17916666666667E+00    9.24225211726319E-01    9.24288254047386E-01
    1.18333333333333E+00    9.25806849820496E-01    9.25870622775877E-01
    1.18750000000000E+00    9.27372455376014E-01    9.27436917384868E-01
    1.19166666666667E+00    9.28922001534967E-01    9.28987110681781E-01
    1.19583333333333E+00    9.30455461699619E-01    9.30521175753580E-01
    1.20000000000000E+00    9.31972809532774E-01    9.32039085967226E-01
    1.20416666666667E+00    9.33474018958161E-01    9.33540814970152E-01
    1.20833333333333E+00    9.34959064160801E-01    9.35026336690710E-01
    1.21250000000000E+00    9.36427919587388E-01    9.36495625338631E-01
    1.21666666666667E+00    9.37880559946665E-01    9.37948655405467E-01
    1.22083333333333E+00    9.39316960209797E-01    9.39385401665040E-01
    1.22500000000000E+00    9.40737095610749E-01    9.40805839173872E-01
    1.22916666666667E+00    9.42140941646660E-01    9.42209943271627E-01
    1.23333333333333E+00    9.43528474078223E-01    9.43597689581533E-01
    1.23750000000000E+00    9.44899668930055E-01    9.44969054010807E-01
    1.24166666666667E+00    9.46254502491077E-01    9.46324012751072E-01
    1.24583333333333E+00    9.47592951314890E-01    9.47662542278774E-01
    1.25000000000000E+00    9.48914992220146E-01    9.48984619355586E-01
    1.25416666666667E+00    9.50220602290932E-01    9.50290221028815E-01
    1.25833333333333E+00    9.51509758877137E-01    9.51579324631798E-01
    1.26250000000000E+00    9.52782439594836E-01    9.52851907784296E-01
    1.26666666666667E+00    9.54038622326660E-01    9.54107948392883E-01
    1.27083333333333E+00    9.55278285222173E-01    9.55347424651331E-01
    1.27500000000000E+00    9.56501406698251E-01    9.56570315040986E-01
    1.27916666666667E+00    9.57707965439454E-01    9.57776598331142E-01
    1.28333333333333E+00    9.58897940398405E-01    9.58966253579412E-01
    1.28750000000000E+00    9.60071310796162E-01    9.60139260132088E-01
    1.29166666666667E+00    9.61228056122598E-01    9.61295597624503E-01
    1.29583333333333E+00    9.62368156136775E-01    9.62435245981383E-01
    1.30000000000000E+00    9.63491590867320E-01    9.63558185417193E-01
    1.30416666666667E+00    9.64598340612800E-01    9.64664396436486E-01
    1.30833333333333E+00    9.65688385942100E-01    9.65753859834238E-01
    1.31250000000000E+00    9.66761707694795E-01    9.66826556696180E-01
    1.31666666666667E+00    9.67818286981531E-01    9.67882468399131E-01
    1.32083333333333E+00    9.68858105184398E-01    9.68921576611315E-01
    1.32500000000000E+00    9.69881143957305E-01    9.69943863292687E-01
    1.32916666666667E+00    9.70887385226358E-01    9.70949310695239E-01
    1.33333333333333E+00    9.71876811190233E-01    9.71937901363313E-01
    1.33750000000000E+00    9.72849404320557E-01    9.72909618133900E-01
    1.34166666666667E+00    9.73805147362278E-01    9.73864444136943E-01
    1.34583333333333E+00    9.74744023334044E-01    9.74802362795625E-01
    1.35000000000000E+00    9.75666015528579E-01    9.75723357826659E-01
    1.35416666666667E+00    9.76571107513057E-01    9.76627413240572E-01
    1.35833333333333E+00    9.77459283129481E-01    9.77514513341980E-01
    1.36250000000000E+00    9.78330526495055E-01    9.78384642729861E-01
    1.36666666666667E+00    9.79184822002562E-01    9.79237786297826E-01
    1.37083333333333E+00    9.80022154320741E-01    9.80073929234374E-01
    1.37500000000000E+00    9.80842508394661E-01    9.80893057023156E-01
    1.37916666666667E+00    9.81645869446097E-01    9.81695155443224E-01
    1.38333333333333E+00    9.82432222973905E-01    9.82480210569279E-01
    1.38750000000000E+00    9.83201554754402E-01    9.83248208771912E-01
    1.39166666666667E+00    9.83953850841737E-01    9.83999136717838E-01
    1.39583333333333E+00    9.84689097568270E-01    9.84732981370134E-01
    1.40000000000000E+00    9.85407281544944E-01    9.85449729988460E-01
    1.40416666666667E+00    9.86108389661668E-01    9.86149370129281E-01
    1.40833333333333E+00    9.86792409087684E-01    9.86831889646084E-01
    1.41250000000000E+00    9.87459327271950E-01    9.87497276689590E-01
    1.41666666666667E+00    9.88109131943514E-01    9.88145519707957E-01
    1.42083333333333E+00    9.88741811111885E-01    9.88776607446981E-01
    1.42500000000000E+00    9.89357353067417E-01    9.89390528950295E-01
    1.42916666666667E+00    9.89955746381679E-01    9.89987273559555E-01
    1.43333333333333E+00    9.90536979907833E-01    9.90566830914625E-01
    1.43750000000000E+00    9.91101042781008E-01    9.91129190953762E-01
    1.44166666666667E+00    9.91647924418681E-01    9.91674343913783E-01
    1.44583333333333E+00    9.92177614521045E-01    9.92202280330242E-01
    1.45000000000000E+00    9.92690103071391E-01    9.92712991037588E-01
    1.45416666666667E+00    9.93185380336483E-01    9.93206467169331E-01
    1.45833333333333E+00    9.93663436866932E-01    9.93682700158187E-01
    1.46250000000000E+00    9.94124263497571E-01    9.94141681736235E-01
    1.46666666666667E+00    9.94567851347835E-01    9.94583403935056E-01
    1.47083333333333E+00    9.94994191822133E-01    9.95007859085874E-01
    1.47500000000000E+00    9.95403276610226E-01    9.95415039819686E-01
    1.47916666666667E+00    9.95795097687602E-01    9.95804939067392E-01
    1.48333333333333E+00    9.96169647315851E-01    9.96177550059918E-01
    1.48750000000000E+00    9.96526918043044E-01    9.96532866328332E-01
    1.49166666666667E+00    9.96866902704104E-01    9.96870881703958E-01
    1.49583333333333E+00    9.97189594421187E-01    9.97191590318482E-01
    1.50000000000000E+00    9.97494986604054E-01    9.97494986604054E-01
    1.50416666666667E+00    9.97783072950450E-01    9.97781065293386E-01
    1.50833333333333E+00    9.98053847446476E-01    9.98049821419840E-01
    1.51250000000000E+00    9.98307304366968E-01    9.98301250317518E-01
    1.51666666666667E+00    9.98543438275872E-01    9.98535347621342E-01
    1.52083333333333E+00    9.98762244026621E-01    9.98752109267128E-01
    1.52500000000000E+00    9.98963716762507E-01    9.98951531491659E-01
    1.52916666666667E+00    9.99147851917062E-01    9.99133610832748E-01
    1.53333333333333E+00    9.99314645214430E-01    9.99298344129299E-01
    1.53750000000000E+00    9.99464092669745E-01    9.99445728521365E-01
    1.54166666666667E+00    9.99596190589505E-01    9.99575761450192E-01
    1.54583333333333E+00    9.99710935571951E-01    9.99688440658267E-01
    1.55000000000000E+00    9.99808324507439E-01    9.99783764189357E-01
    1.55416666666667E+00    9.99888354578817E-01    9.99861730388542E-01
    1.55833333333333E+00    9.99951023261805E-01    9.99922337902243E-01
    1.56250000000000E+00    9.99996328325364E-01    9.99965585678249E-01
    1.56666666666667E+00    1.00002426783208E+00    9.99991472965731E-01
    1.57083333333333E+00    1.00003484013852E+00    9.99999999315258E-01
    1.57500000000000E+00    1.00002804389565E+00    9.99991164578803E-01
    1.57916666666667E+00    1.00000387804917E+00    9.99964968909747E-01
    1.58333333333333E+00    9.99962341839882E-01    9.99921412762875E-01
    1.58750000000000E+00    9.99903434804126E-01    9.99860496894369E-01
    1.59166666666667E+00    9.99827156774095E-01    9.99782222361794E-01
    1.59583333333333E+00    9.99733507878237E-01    9.99686590524082E-01
    1.60000000000000E+00    9.99622488541629E-01    9.99573603041505E-01
    1.60416666666667E+00    9.99494099486350E-01    9.99443261875649E-01
    1.60833333333333E+00    9.99348341731859E-01    9.99295569289377E-01
    1.61250000000000E+00    9.99185216595368E-01    9.99130527846794E-01
    1.61666666666667E+00    9.99004725692221E-01    9.98948140413197E-01
    1.62083333333333E+00    9.98806870936269E-01    9.98748410155032E-01
    1.62500000000000E+00    9.98591654540244E-01    9.98531340539832E-01
    1.62916666666667E+00    9.98359079016137E-01    9.98296935336161E-01
    1.63333333333333E+00    9.98109147175573E-01    9.98045198613548E-01
    1.63750000000000E+00    9.97841862130188E-01    9.97776134742417E-01
    1.64166666666667E+00    9.97557227292003E-01    9.97489748394008E-01
    1.64583333333333E+00    9.97255246373800E-01    9.97186044540299E-01
    1.65000000000000E+00    9.96935923389500E-01    9.96865028453919E-01
    1.65416666666667E+00    9.96599262654536E-01    9.96526705708056E-01
    1.65833333333333E+00    9.96245268786232E-01    9.96171082176360E-01
    1.66250000000000E+00    9.95873946704176E-01    9.95798164032841E-01
    1.66666666666667E+00    9.95485301630597E-01    9.95407957751765E-01
    1.67083333333333E+00    9.95079339090742E-01    9.95000470107535E-01
    1.67500000000000E+00    9.94656064913250E-01    9.94575708174580E-01
    1.67916666666667E+00    9.94215485230529E-01    9.94133679327228E-01
    1.68333333333333E+00    9.93757606479131E-01    9.93674391239579E-01
    1.68750000000000E+00    9.93282435400129E-01    9.93197851885375E-01
    1.69166666666667E+00    9.92789979039492E-01    9.92704069537855E-01
    1.69583333333333E+00    9.92280244748461E-01    9.92193052769618E-01
    1.70000000000000E+00    9.91753240183924E-01    9.91664810452469E-01
    1.70416666666667E+00    9.91208973308795E-01    9.91119351757268E-01
    1.70833333333333E+00    9.90647452392387E-01    9.90556686153772E-01
    1.71250000000000E+00    9.90068686010788E-01    9.89976823410466E-01
    1.71666666666667E+00    9.89472683047236E-01    9.89379773594396E-01
    1.72083333333333E+00    9.88859452692500E-01    9.88765547070997E-01
    1.72500000000000E+00    9.88229004445250E-01    9.88134154503908E-01
    1.72916666666667E+00    9.87581348112434E-01    9.87485606854788E-01
    1.73333333333333E+00    9.86916493809656E-01    9.86819915383131E-01
    1.73750000000000E+00    9.86234451961552E-01    9.86137091646062E-01
    1.74166666666667E+00    9.85535233302163E-01    9.85437147498143E-01
    1.74583333333333E+00    9.84818848875313E-01    9.84720095091165E-01
    1.75000000000000E+00    9.84085310034983E-01    9.83985946873937E-01
    1.75416666666667E+00    9.83334628445692E-01    9.83234715592068E-01
    1.75833333333333E+00    9.82566816082865E-01    9.82466414287750E-01
    1.76250000000000E+00    9.81781885233214E-01    9.81681056299527E-01
    1.76666666666667E+00    9.80979848495115E-01    9.80878655262067E-01
    1.77083333333333E+00    9.80160718778979E-01    9.80059225105924E-01
    1.77500000000000E+00    9.79324509307632E-01    9.79222780057295E-01
    1.77916666666667E+00    9.78471233616689E-01    9.78369334637774E-01
    1.78333333333333E+00    9.77600905554930E-01    9.77498903664101E-01
    1.78750000000000E+00    9.76713539284677E-01    9.76611502247903E-01
    1.79166666666667E+00    9.75809149282169E-01    9.75707145795431E-01
    1.79583333333333E+00    9.74887750337936E-01    9.74785850007297E-01
    1.80000000000000E+00    9.73949357557178E-01    9.73847630878195E-01
    1.80416666666667E+00    9.72993986360141E-01    9.72892504696629E-01
    1.80833333333333E+00    9.72021652482490E-01    9.71920488044626E-01
    1.81250000000000E+00    9.71032371975686E-01    9.70931597797451E-01
    1.81666666666667E+00    9.70026161207363E-01    9.69925851123312E-01
    1.82083333333333E+00    9.69003036861702E-01    9.68903265483064E-01
    1.82500000000000E+00    9.67963015939809E-01    9.67863858629905E-01
    1.82916666666667E+00    9.66906115760090E-01    9.66807648609066E-01
    1.83333333333333E+00    9.65832353958626E-01    9.65734653757500E-01
    1.83750000000000E+00    9.64741748489549E-01    9.64644892703563E-01
    1.84166666666667E+00    9.63634317625420E-01    9.63538384366690E-01
    1.84583333333333E+00    9.62510079957602E-01    9.62415147957068E-01
    1.85000000000000E+00    9.61369054396636E-01    9.61275202975300E-01
    1.85416666666667E+00    9.60211260172622E-01    9.60118569212070E-01
    1.85833333333333E+00    9.59036716835586E-01    9.58945266747795E-01
    1.86250000000000E+00    9.57845444255865E-01    9.57755315952282E-01
    1.86666666666667E+00    9.56637462624474E-01    9.56548737484367E-01
    1.87083333333333E+00    9.55412792453491E-01    9.55325552291563E-01
    1.87500000000000E+00    9.54171454576426E-01    9.54085781609694E-01
    1.87916666666667E+00    9.52913470148599E-01    9.52829446962525E-01
    1.88333333333333E+00    9.51638860647517E-01    9.51556570161390E-01
    1.88750000000000E+00    9.50347647873247E-01    9.50267173304812E-01
    1.89166666666667E+00    9.49039853948797E-01    9.48961278778121E-01
    1.89583333333333E+00    9.47715501320485E-01    9.47638909253065E-01
    1.90000000000000E+00    9.46374612758322E-01    9.46300087687414E-01
    1.90416666666667E+00    9.45017211356382E-01    9.44944837324566E-01
    1.90833333333333E+00    9.43643320533181E-01    9.43573181693136E-01
    1.91250000000000E+00    9.42252964032051E-01    9.42185144606558E-01
    1.91666666666667E+00    9.40846165921518E-01    9.40780750162663E-01
    1.92083333333333E+00    9.39422950595679E-01    9.39360022743262E-01
    1.92500000000000E+00    9.37983342774571E-01    9.37922987013728E-01
    1.92916666666667E+00    9.36527367504555E-01    9.36469667922561E-01
    1.93333333333333E+00    9.35055050158687E-01    9.35000090700958E-01
    1.93750000000000E+00    9.33566416437096E-01    9.33514280862376E-01
    1.94166666666667E+00    9.32061492367358E-01    9.32012264202088E-01
    1.94583333333333E+00    9.30540304304876E-01    9.30494066796734E-01
    1.95000000000000E+00    9.29002878933248E-01    9.28959715003869E-01
    1.95416666666667E+00    9.27449243264652E-01    9.27409235461508E-01
    1.95833333333333E+00    9.25879424640216E-01    9.25842655087658E-01
    1.96250000000000E+00    9.24293450730394E-01    9.24260001079857E-01
    1.96666666666667E+00    9.22691349535347E-01    9.22661300914696E-01
    1.97083333333333E+00    9.21073149385312E-01    9.21046582347347E-01
    1.97500000000000E+00    9.19438878940982E-01    9.19415873411077E-01
    1.97916666666667E+00    9.17788567193881E-01    9.17769202416765E-01
    1.98333333333333E+00    9.16122243466741E-01    9.16106597952408E-01
    1.98750000000000E+00    9.14439937413874E-01    9.14428088882624E-01
    1.99166666666667E+00    9.12741679021552E-01    9.12733704348154E-01
    1.99583333333333E+00    9.11027498608382E-01    9.11023473765353E-01
    2.00000000000000E+00    9.09297426825682E-01    9.09297426825682E-01
    2.00416666666667E+00    9.07551494657852E-01    9.07555593495190E-01
    2.00833333333333E+00    9.05789733422759E-01    9.05798004013994E-01
    2.01250000000000E+00    9.04012174772104E-01    9.04024688895759E-01
    2.01666666666667E+00    9.02218850691804E-01    9.02235678927159E-01
    2.02083333333333E+00    9.00409793502366E-01    9.00431005167350E-01
    2.02500000000000E+00    8.98585035859260E-01    8.98610698947429E-01
    2.02916666666667E+00    8.96744610753298E-01    8.96774791869889E-01
    2.03333333333333E+00    8.94888551511011E-01    8.94923315808070E-01
    2.03750000000000E+00    8.93016891795022E-01    8.93056302905608E-01
    2.04166666666667E+00    8.91129665604423E-01    8.91173785575873E-01
    2.04583333333333E+00    8.89226907275149E-01    8.89275796501412E-01
    2.05000000000000E+00    8.87308651480358E-01    8.87362368633375E-01
    2.05416666666667E+00    8.85374933230804E-01    8.85433535190949E-01
    2.05833333333333E+00    8.83425787875212E-01    8.83489329660777E-01
    2.06250000000000E+00    8.81461251100658E-01    8.81529785796378E-01
    2.06666666666667E+00    8.79481358932939E-01    8.79554937617562E-01
    2.07083333333333E+00    8.77486147736953E-01    8.77564819409837E-01
    2.07500000000000E+00    8.75475654217074E-01    8.75559465723818E-01
    2.07916666666667E+00    8.73449915417530E-01    8.73538911374621E-01
    2.08333333333333E+00    8.71408968722771E-01    8.71503191441265E-01
    2.08750000000000E+00    8.69352851857857E-01    8.69452341266059E-01
    2.09166666666667E+00    8.67281602888822E-01    8.67386396453989E-01
    2.09583333333333E+00    8.65195260223058E-01    8.65305392872100E-01
    2.10000000000000E+00    8.63093862609687E-01    8.63209366648874E-01
    2.10416666666667E+00    8.60977449139937E-01    8.61098354173603E-01
    2.10833333333333E+00    8.58846059247522E-01    8.58972392095756E-01
    2.11250000000000E+00    8.56699732709011E-01    8.56831517324344E-01
    2.11666666666667E+00    8.54538509644209E-01    8.54675767027278E-01
    2.12083333333333E+00    8.52362430516531E-01    8.52505178630723E-01
    2.12500000000000E+00    8.50171536133378E-01    8.50319789818452E-01
    2.12916666666667E+00    8.47965867646515E-01    8.48119638531188E-01
    2.13333333333333E+00    8.45745466552443E-01    8.45904762965946E-01
    2.13750000000000E+00    8.43510374692776E-01    8.43675201575372E-01
    2.14166666666667E+00    8.41260634254620E-01    8.41430993067072E-01
    2.14583333333333E+00    8.38996287770945E-01    8.39172176402944E-01
    2.15000000000000E+00    8.36717378120963E-01    8.36898790798498E-01
    2.15416666666667E+00    8.34423948530503E-01    8.34610875722176E-01
    2.15833333333333E+00    8.32116042572387E-01    8.32308470894670E-01
    2.16250000000000E+00    8.29793704166806E-01    8.29991616288228E-01
    2.16666666666667E+00    8.27456977581696E-01    8.27660352125961E-01
    2.17083333333333E+00    8.25105907433113E-01    8.25314718881146E-01
    2.17500000000000E+00    8.22740538685612E-01    8.22954757276526E-01
    2.17916666666667E+00    8.20360916652618E-01    8.20580508283595E-01
    2.18333333333333E+00    8.17967086996805E-01    8.18192013121896E-01
    2.18750000000000E+00    8.15559095730470E-01    8.15789313258297E-01
    2.19166666666667E+00    8.13136989215912E-01    8.13372450406278E-01
    2.19583333333333E+00    8.10700814165807E-01    8.10941466525202E-01
    2.20000000000000E+00    8.08250617643578E-01    8.08496403819590E-01
    2.20416666666667E+00    8.05786447063780E-01    8.06037304738386E-01
    2.20833333333333E+00    8.03308350192469E-01    8.03564211974220E-01
    2.21250000000000E+00    8.00816375147583E-01    8.01077168462668E-01
    2.21666666666667E+00    7.98310570399313E-01    7.98576217381507E-01
    2.22083333333333E+00    7.95790984770481E-01    7.96061402149964E-01
    2.22500000000000E+00    7.93257667436918E-01    7.93532766427961E-01
    2.22916666666667E+00    7.90710667927835E-01    7.90990354115362E-01
    2.23333333333333E+00    7.88150036126204E-01    7.88434209351204E-01
    2.23750000000000E+00    7.85575822269131E-01    7.85864376512938E-01
    2.24166666666667E+00    7.82988076948231E-01    7.83280900215651E-01
    2.24583333333333E+00    7.80386851110007E-01    7.80683825311299E-01
    2.25000000000000E+00    7.77772196056224E-01    7.78073196887921E-01
    2.25416666666667E+00    7.75144163444284E-01    7.75449060268863E-01
    2.25833333333333E+00    7.72502805287605E-01    7.72811461011986E-01
    2.26250000000000E+00    7.69848173955990E-01    7.70160444908876E-01
    2.26666666666667E+00    7.67180322176014E-01    7.67496057984055E-01
    2.27083333333333E+00    7.64499303031389E-01    7.64818346494170E-01
    2.27500000000000E+00    7.61805169963345E-01    7.62127356927202E-01
    2.27916666666667E+00    7.59097976771006E-01    7.59423136001653E-01
    2.28333333333333E+00    7.56377777611766E-01    7.56705730665734E-01
    2.28750000000000E+00    7.53644627001662E-01    7.53975188096552E-01
    2.29166666666667E+00    7.50898579815753E-01    7.51231555699293E-01
    2.29583333333333E+00    7.48139691288493E-01    7.48474881106394E-01
    2.30000000000000E+00    7.45368017014111E-01    7.45705212176720E-01
    2.30416666666667E+00    7.42583612946983E-01    7.42922596994732E-01
    2.30833333333333E+00    7.39786535402009E-01    7.40127083869650E-01
    2.31250000000000E+00    7.36976841054990E-01    7.37318721334619E-01
    2.31666666666667E+00    7.34154586943003E-01    7.34497558145862E-01
    2.32083333333333E+00    7.31319830464774E-01    7.31663643281836E-01
    2.32500000000000E+00    7.28472629381062E-01    7.28817025942380E-01
    2.32916666666667E+00    7.25613041815025E-01    7.25957755547863E-01
    2.33333333333333E+00    7.22741126252603E-01    7.23085881738325E-01
    2.33750000000000E+00    7.19856941542890E-01    7.20201454372612E-01
    2.34166666666667E+00    7.16960546898511E-01    7.17304523527517E-01
    2.34583333333333E+00    7.14052001896000E-01    7.14395139496906E-01
    2.35000000000000E+00    7.11131366476170E-01    7.11473352790844E-01
    2.35416666666667E+00    7.08198700944499E-01    7.08539214134723E-01
    2.35833333333333E+00    7.05254065971493E-01    7.05592774468374E-01
    2.36250000000000E+00    7.02297522593072E-01    7.02634084945192E-01
    2.36666666666667E+00    6.99329132210943E-01    6.99663196931238E-01
    2.37083333333333E+00    6.96348956592972E-01    6.96680162004357E-01
    2.37500000000000E+00    6.93357057873567E-01    6.93685031953272E-01
    2.37916666666667E+00    6.90353498554048E-01    6.90677858776695E-01
    2.38333333333333E+00    6.87338341503023E-01    6.87658694682418E-01
    2.38750000000000E+00    6.84311649956769E-01    6.84627592086407E-01
    2.39166666666667E+00    6.81273487519604E-01    6.81584603611898E-01
    2.39583333333333E+00    6.78223918164260E-01    6.78529782088472E-01
    2.40000000000000E+00    6.75163006232268E-01    6.75463180551151E-01
    2.40416666666667E+00    6.72090816434321E-01    6.72384852239466E-01
    2.40833333333333E+00    6.69007413850666E-01    6.69294850596541E-01
    2.41250000000000E+00    6.65912863931461E-01    6.66193229268159E-01
    2.41666666666667E+00    6.62807232497168E-01    6.63080042101836E-01
    2.42083333333333E+00    6.59690585738919E-01    6.59955343145881E-01
    2.42500000000000E+00    6.56562990218895E-01    6.56819186648461E-01
    2.42916666666667E+00    6.53424512870701E-01    6.53671627056660E-01
    2.43333333333333E+00    6.50275220999741E-01    6.50512719015530E-01
    2.43750000000000E+00    6.47115182283597E-01    6.47342517367144E-01
    2.44166666666667E+00    6.43944464772403E-01    6.44161077149648E-01
    2.44583333333333E+00    6.40763136889219E-01    6.40968453596297E-01
    2.45000000000000E+00    6.37571267430409E-01    6.37764702134504E-01
    2.45416666666667E+00    6.34368925566020E-01    6.34549878384873E-01
    2.45833333333333E+00    6.31156180840148E-01    6.31324038160236E-01
    2.46250000000000E+00    6.27933103171326E-01    6.28087237464684E-01
    2.46666666666667E+00    6.24699762852892E-01    6.24839532492589E-01
    2.47083333333333E+00    6.21456230553366E-01    6.21580979627639E-01
    2.47500000000000E+00    6.18202577316828E-01    6.18311635441849E-01
    2.47916666666667E+00    6.14938874563294E-01    6.15031556694586E-01
    2.48333333333333E+00    6.11665194089086E-01    6.11740800331578E-01
    2.48750000000000E+00    6.08381608067219E-01    6.08439423483929E-01
    2.49166666666667E+00    6.05088189047764E-01    6.05127483467128E-01
    2.49583333333333E+00    6.01785009958235E-01    6.01805037780048E-01
    2.50000000000000E+00    5.98472144103956E-01    5.98472144103957E-01
