    0.00000000000000E+00    1.00000000000000E+00
    7.50000000000000E-03    1.00005625000000E+00
    1.50000000000000E-02    1.00022500000000E+00
    2.25000000000000E-02    1.00050625000000E+00
    3.00000000000000E-02    1.00090000000000E+00
    3.75000000000000E-02    1.00140625000000E+00
    4.50000000000000E-02    1.00202500000000E+00
    5.25000000000000E-02    1.00275625000000E+00
    6.00000000000000E-02    1.00360000000000E+00
    6.75000000000000E-02    1.00455625000000E+00
    7.50000000000000E-02    1.00562500000000E+00
    8.25000000000000E-02    1.00680625000000E+00
    9.00000000000000E-02    1.00810000000000E+00
    9.75000000000000E-02    1.00950625000000E+00
    1.05000000000000E-01    1.01102500000000E+00
    1.12500000000000E-01    1.01265625000000E+00
    1.20000000000000E-01    1.01440000000000E+00
    1.27500000000000E-01    1.01625625000000E+00
    1.35000000000000E-01    1.01822500000000E+00
    1.42500000000000E-01    1.02030625000000E+00
    1.50000000000000E-01    1.02250000000000E+00
    1.57500000000000E-01    1.02480625000000E+00
    1.65000000000000E-01    1.02722500000000E+00
    1.72500000000000E-01    1.02975625000000E+00
    1.80000000000000E-01    1.03240000000000E+00
    1.87500000000000E-01    1.03515625000000E+00
    1.95000000000000E-01    1.03802500000000E+00
    2.02500000000000E-01    1.04100625000000E+00
    2.10000000000000E-01    1.04410000000000E+00
    2.17500000000000E-01    1.04730625000000E+00
    2.25000000000000E-01    1.05062500000000E+00
    2.32500000000000E-01    1.05405625000000E+00
    2.40000000000000E-01    1.05760000000000E+00
    2.47500000000000E-01    1.06125625000000E+00
    2.55000000000000E-01    1.06502500000000E+00
    2.62500000000000E-01    1.06890625000000E+00
    2.70000000000000E-01    1.07290000000000E+00
    2.77500000000000E-01    1.07700625000000E+00
    2.85000000000000E-01    1.08122500000000E+00
    2.92500000000000E-01    1.08555625000000E+00
    3.00000000000000E-01    1.09000000000000E+00
    3.07500000000000E-01    1.09455625000000E+00
    3.15000000000000E-01    1.09922500000000E+00
    3.22500000000000E-01    1.10400625000000E+00
    3.30000000000000E-01    1.10890000000000E+00
    3.37500000000000E-01    1.11390625000000E+00
    3.45000000000000E-01    1.11902500000000E+00
    3.52500000000000E-01    1.12425625000000E+00
    3.60000000000000E-01    1.12960000000000E+00
    3.67500000000000E-01    1.13505625000000E+00
    3.75000000000000E-01    1.14062500000000E+00
    3.82500000000000E-01    1.14630625000000E+00
    3.90000000000000E-01    1.15210000000000E+00
    3.97500000000000E-01    1.15800625000000E+00
    4.05000000000000E-01    1.16402500000000E+00
    4.12500000000000E-01    1.17015625000000E+00
    4.20000000000000E-01    1.17640000000000E+00
    4.27500000000000E-01    1.18275625000000E+00
    4.35000000000000E-01    1.18922500000000E+00
    4.42500000000000E-01    1.19580625000000E+00
    4.50000000000000E-01    1.20250000000000E+00
    4.57500000000000E-01    1.20930625000000E+00
    4.65000000000000E-01    1.21622500000000E+00
    4.72500000000000E-01    1.22325625000000E+00
    4.80000000000000E-01    1.23040000000000E+00
    4.87500000000000E-01    1.23765625000000E+00
    4.95000000000000E-01    1.24502500000000E+00
    5.02500000000000E-01    1.25250625000000E+00
    5.10000000000000E-01    1.26010000000000E+00
    5.17500000000000E-01    1.26780625000000E+00
    5.25000000000000E-01    1.27562500000000E+00
    5.32500000000000E-01    1.28355625000000E+00
    5.40000000000000E-01    1.29160000000000E+00
    5.47500000000000E-01    1.29975625000000E+00
    5.55000000000000E-01    1.30802500000000E+00
    5.62500000000000E-01    1.31640625000000E+00
    5.70000000000000E-01    1.32490000000000E+00
    5.77500000000000E-01    1.33350625000000E+00
    5.85000000000000E-01    1.34222500000000E+00
    5.92500000000000E-01    1.35105625000000E+00
    6.00000000000000E-01    1.36000000000000E+00
    6.07500000000000E-01    1.36905625000000E+00
    6.15000000000000E-01    1.37822500000000E+00
    6.22500000000000E-01    1.38750625000000E+00
    6.30000000000000E-01    1.39690000000000E+00
    6.37500000000000E-01    1.40640625000000E+00
    6.45000000000000E-01    1.41602500000000E+00
    6.52500000000000E-01    1.42575625000000E+00
    6.60000000000000E-01    1.43560000000000E+00
    6.67500000000000E-01    1.44555625000000E+00
    6.75000000000000E-01    1.45562500000000E+00
    6.82500000000000E-01    1.46580625000000E+00
    6.90000000000000E-01    1.47610000000000E+00
    6.97500000000000E-01    1.48650625000000E+00
    7.05000000000000E-01    1.49702500000000E+00
    7.12500000000000E-01    1.50765625000000E+00
    7.20000000000000E-01    1.51840000000000E+00
    7.27500000000000E-01    1.52925625000000E+00
    7.35000000000000E-01    1.54022500000000E+00
    7.42500000000000E-01    1.55130625000000E+00
    7.50000000000000E-01    1.56250000000000E+00
    7.57500000000000E-01    1.57380625000000E+00
    7.65000000000000E-01    1.58522500000000E+00
    7.72500000000000E-01    1.59675625000000E+00
    7.80000000000000E-01    1.60840000000000E+00
    7.87500000000000E-01    1.62015625000000E+00
    7.95000000000000E-01    1.63202500000000E+00
    8.02500000000000E-01    1.64400625000000E+00
    8.10000000000000E-01    1.65610000000000E+00
    8.17500000000000E-01    1.66830625000000E+00
    8.25000000000000E-01    1.68062500000000E+00
    8.32500000000000E-01    1.69305625000000E+00
    8.40000000000000E-01    1.70560000000000E+00
    8.47500000000000E-01    1.71825625000000E+00
    8.55000000000000E-01    1.73102500000000E+00
    8.62500000000000E-01    1.74390625000000E+00
    8.70000000000000E-01    1.75690000000000E+00
    8.77500000000000E-01    1.77000625000000E+00
    8.85000000000000E-01    1.78322500000000E+00
    8.92500000000000E-01    1.79655625000000E+00
    9.00000000000000E-01    1.81000000000000E+00
    9.07500000000000E-01    1.82355625000000E+00
    9.15000000000000E-01    1.83722500000000E+00
    9.22500000000000E-01    1.85100625000000E+00
    9.30000000000000E-01    1.86490000000000E+00
    9.37500000000000E-01    1.87890625000000E+00
    9.45000000000000E-01    1.89302500000000E+00
    9.52500000000000E-01    1.90725625000000E+00
    9.60000000000000E-01    1.92160000000000E+00
    9.67500000000000E-01    1.93605625000000E+00
    9.75000000000000E-01    1.95062500000000E+00
    9.82500000000000E-01    1.96530625000000E+00
    9.90000000000000E-01    1.98010000000000E+00
    9.97500000000000E-01    1.99500625000000E+00
    1.00500000000000E+00    2.01002500000000E+00
    1.01250000000000E+00    2.02515625000000E+00
    1.02000000000000E+00    2.04040000000000E+00
    1.02750000000000E+00    2.05575625000000E+00
    1.03500000000000E+00    2.07122500000000E+00
    1.04250000000000E+00    2.08680625000000E+00
    1.05000000000000E+00    2.10250000000000E+00
    1.05750000000000E+00    2.11830625000000E+00
    1.06500000000000E+00    2.13422500000000E+00
    1.07250000000000E+00    2.15025625000000E+00
    1.08000000000000E+00    2.16640000000000E+00
    1.08750000000000E+00    2.18265625000000E+00
    1.09500000000000E+00    2.19902500000000E+00
    1.10250000000000E+00    2.21550625000000E+00
    1.11000000000000E+00    2.23210000000000E+00
    1.11750000000000E+00    2.24880625000000E+00
    1.12500000000000E+00    2.26562500000000E+00
    1.13250000000000E+00    2.28255625000000E+00
    1.14000000000000E+00    2.29960000000000E+00
    1.14750000000000E+00    2.31675625000000E+00
    1.15500000000000E+00    2.33402500000000E+00
    1.16250000000000E+00    2.35140625000000E+00
    1.17000000000000E+00    2.36890000000000E+00
    1.17750000000000E+00    2.38650625000000E+00
    1.18500000000000E+00    2.40422500000000E+00
    1.19250000000000E+00    2.42205625000000E+00
    1.20000000000000E+00    2.44000000000000E+00
    1.20750000000000E+00    2.45805625000000E+00
    1.21500000000000E+00    2.47622500000000E+00
    1.22250000000000E+00    2.49450625000000E+00
    1.23000000000000E+00    2.51290000000000E+00
    1.23750000000000E+00    2.53140625000000E+00
    1.24500000000000E+00    2.55002500000000E+00
    1.25250000000000E+00    2.56875625000000E+00
    1.26000000000000E+00    2.58760000000000E+00
    1.26750000000000E+00    2.60655625000000E+00
    1.27500000000000E+00    2.62562500000000E+00
    1.28250000000000E+00    2.64480625000000E+00
    1.29000000000000E+00    2.66410000000000E+00
    1.29750000000000E+00    2.68350625000000E+00
    1.30500000000000E+00    2.70302500000000E+00
    1.31250000000000E+00    2.72265625000000E+00
    1.32000000000000E+00    2.74240000000000E+00
    1.32750000000000E+00    2.76225625000000E+00
    1.33500000000000E+00    2.78222500000000E+00
    1.34250000000000E+00    2.80230625000000E+00
    1.35000000000000E+00    2.82250000000000E+00
    1.35750000000000E+00    2.84280625000000E+00
    1.36500000000000E+00    2.86322500000000E+00
    1.37250000000000E+00    2.88375625000000E+00
    1.38000000000000E+00    2.90440000000000E+00
    1.38750000000000E+00    2.92515625000000E+00
    1.39500000000000E+00    2.94602500000000E+00
    1.40250000000000E+00    2.96700625000000E+00
    1.41000000000000E+00    2.98810000000000E+00
    1.41750000000000E+00    3.00930625000000E+00
    1.42500000000000E+00    3.03062500000000E+00
    1.43250000000000E+00    3.05205625000000E+00
    1.44000000000000E+00    3.07360000000000E+00
    1.44750000000000E+00    3.09525625000000E+00
    1.45500000000000E+00    3.11702500000000E+00
    1.46250000000000E+00    3.13890625000000E+00
    1.47000000000000E+00    3.16090000000000E+00
    1.47750000000000E+00    3.18300625000000E+00
    1.48500000000000E+00    3.20522500000000E+00
    1.49250000000000E+00    3.22755625000000E+00
    1.50000000000000E+00    3.25000000000000E+00
    1.50750000000000E+00    3.27255625000000E+00
    1.51500000000000E+00    3.29522500000000E+00
    1.52250000000000E+00    3.31800625000000E+00
    1.53000000000000E+00    3.34090000000000E+00
    1.53750000000000E+00    3.36390625000000E+00
    1.54500000000000E+00    3.38702500000000E+00
    1.55250000000000E+00    3.41025625000000E+00
    1.56000000000000E+00    3.43360000000000E+00
    1.56750000000000E+00    3.45705625000000E+00
    1.57500000000000E+00    3.48062500000000E+00
    1.58250000000000E+00    3.50430625000000E+00
    1.59000000000000E+00    3.52810000000000E+00
    1.59750000000000E+00    3.55200625000000E+00
    1.60500000000000E+00    3.57602500000000E+00
    1.61250000000000E+00    3.60015625000000E+00
    1.62000000000000E+00    3.62440000000000E+00
    1.62750000000000E+00    3.64875625000000E+00
    1.63500000000000E+00    3.67322500000000E+00
    1.64250000000000E+00    3.69780625000000E+00
    1.65000000000000E+00    3.72250000000000E+00
    1.65750000000000E+00    3.74730625000000E+00
    1.66500000000000E+00    3.77222500000000E+00
    1.67250000000000E+00    3.79725625000000E+00
    1.68000000000000E+00    3.82240000000000E+00
    1.68750000000000E+00    3.84765625000000E+00
    1.69500000000000E+00    3.87302500000000E+00
    1.70250000000000E+00    3.89850625000000E+00
    1.71000000000000E+00    3.92410000000000E+00
    1.71750000000000E+00    3.94980625000000E+00
    1.72500000000000E+00    3.97562500000000E+00
    1.73250000000000E+00    4.00155625000000E+00
    1.74000000000000E+00    4.02760000000000E+00
    1.74750000000000E+00    4.05375625000000E+00
    1.75500000000000E+00    4.08002500000000E+00
    1.76250000000000E+00    4.10640625000000E+00
    1.77000000000000E+00    4.13290000000000E+00
    1.77750000000000E+00    4.15950625000000E+00
    1.78500000000000E+00    4.18622500000000E+00
    1.79250000000000E+00    4.21305625000000E+00
    1.80000000000000E+00    4.24000000000000E+00
    1.80750000000000E+00    4.26705625000000E+00
    1.81500000000000E+00    4.29422500000000E+00
    1.82250000000000E+00    4.32150625000000E+00
    1.83000000000000E+00    4.34890000000000E+00
    1.83750000000000E+00    4.37640625000000E+00
    1.84500000000000E+00    4.40402500000000E+00
    1.85250000000000E+00    4.43175625000000E+00
    1.86000000000000E+00    4.45960000000000E+00
    1.86750000000000E+00    4.48755625000000E+00
    1.87500000000000E+00    4.51562500000000E+00
    1.88250000000000E+00    4.54380625000000E+00
    1.89000000000000E+00    4.57210000000000E+00
    1.89750000000000E+00    4.60050625000000E+00
    1.90500000000000E+00    4.62902500000000E+00
    1.91250000000000E+00    4.65765625000000E+00
    1.92000000000000E+00    4.68640000000000E+00
    1.92750000000000E+00    4.71525625000000E+00
    1.93500000000000E+00    4.74422500000000E+00
    1.94250000000000E+00    4.77330625000000E+00
    1.95000000000000E+00    4.80250000000000E+00
    1.95750000000000E+00    4.83180625000000E+00
    1.96500000000000E+00    4.86122500000000E+00
    1.97250000000000E+00    4.89075625000000E+00
    1.98000000000000E+00    4.92040000000000E+00
    1.98750000000000E+00    4.95015625000000E+00
    1.99500000000000E+00    4.98002500000000E+00
    2.00250000000000E+00    5.01000625000000E+00
    2.01000000000000E+00    5.04010000000000E+00
    2.01750000000000E+00    5.07030625000000E+00
    2.02500000000000E+00    5.10062500000000E+00
    2.03250000000000E+00    5.13105625000000E+00
    2.04000000000000E+00    5.16160000000000E+00
    2.04750000000000E+00    5.19225625000000E+00
    2.05500000000000E+00    5.22302500000000E+00
    2.06250000000000E+00    5.25390625000000E+00
    2.07000000000000E+00    5.28490000000000E+00
    2.07750000000000E+00    5.31600625000000E+00
    2.08500000000000E+00    5.34722500000000E+00
    2.09250000000000E+00    5.37855625000000E+00
    2.10000000000000E+00    5.41000000000000E+00
    2.10750000000000E+00    5.44155625000000E+00
    2.11500000000000E+00    5.47322500000000E+00
    2.12250000000000E+00    5.50500625000000E+00
    2.13000000000000E+00    5.53690000000000E+00
    2.13750000000000E+00    5.56890625000000E+00
    2.14500000000000E+00    5.60102500000000E+00
    2.15250000000000E+00    5.63325625000000E+00
    2.16000000000000E+00    5.66560000000000E+00
    2.16750000000000E+00    5.69805625000000E+00
    2.17500000000000E+00    5.73062500000000E+00
    2.18250000000000E+00    5.76330625000000E+00
    2.19000000000000E+00    5.79610000000000E+00
    2.19750000000000E+00    5.82900625000000E+00
    2.20500000000000E+00    5.86202500000000E+00
    2.21250000000000E+00    5.89515625000000E+00
    2.22000000000000E+00    5.92840000000000E+00
    2.22750000000000E+00    5.96175625000000E+00
    2.23500000000000E+00    5.99522500000000E+00
    2.24250000000000E+00    6.02880625000000E+00
    2.25000000000000E+00    6.06250000000000E+00
    2.25750000000000E+00    6.09630625000000E+00
    2.26500000000000E+00    6.13022500000000E+00
    2.27250000000000E+00    6.16425625000000E+00
    2.28000000000000E+00    6.19840000000000E+00
    2.28750000000000E+00    6.23265625000000E+00
    2.29500000000000E+00    6.26702500000000E+00
    2.30250000000000E+00    6.30150625000000E+00
    2.31000000000000E+00    6.33610000000000E+00
    2.31750000000000E+00    6.37080625000000E+00
    2.32500000000000E+00    6.40562500000000E+00
    2.33250000000000E+00    6.44055625000000E+00
    2.34000000000000E+00    6.47560000000000E+00
    2.34750000000000E+00    6.51075625000000E+00
    2.35500000000000E+00    6.54602500000000E+00
    2.36250000000000E+00    6.58140625000000E+00
    2.37000000000000E+00    6.61690000000000E+00
    2.37750000000000E+00    6.65250625000000E+00
    2.38500000000000E+00    6.68822500000000E+00
    2.39250000000000E+00    6.72405625000000E+00
    2.40000000000000E+00    6.76000000000000E+00
    2.40750000000000E+00    6.79605625000000E+00
    2.41500000000000E+00    6.83222500000000E+00
    2.42250000000000E+00    6.86850625000000E+00
    2.43000000000000E+00    6.90490000000000E+00
    2.43750000000000E+00    6.94140625000000E+00
    2.44500000000000E+00    6.97802500000000E+00
    2.45250000000000E+00    7.01475625000000E+00
    2.46000000000000E+00    7.05160000000000E+00
    2.46750000000000E+00    7.08855625000000E+00
    2.47500000000000E+00    7.12562500000000E+00
    2.48250000000000E+00    7.16280625000000E+00
    2.49000000000000E+00    7.20010000000000E+00
    2.49750000000000E+00    7.23750625000000E+00
    2.50500000000000E+00    7.27502500000000E+00
    2.51250000000000E+00    7.31265625000000E+00
    2.52000000000000E+00    7.35040000000000E+00
    2.52750000000000E+00    7.38825625000000E+00
    2.53500000000000E+00    7.42622500000000E+00
    2.54250000000000E+00    7.46430625000000E+00
    2.55000000000000E+00    7.50250000000000E+00
    2.55750000000000E+00    7.54080625000000E+00
    2.56500000000000E+00    7.57922500000000E+00
    2.57250000000000E+00    7.61775625000000E+00
    2.58000000000000E+00    7.65640000000000E+00
    2.58750000000000E+00    7.69515625000000E+00
    2.59500000000000E+00    7.73402500000000E+00
    2.60250000000000E+00    7.77300625000000E+00
    2.61000000000000E+00    7.81210000000000E+00
    2.61750000000000E+00    7.85130625000000E+00
    2.62500000000000E+00    7.89062500000000E+00
    2.63250000000000E+00    7.93005625000000E+00
    2.64000000000000E+00    7.96960000000000E+00
    2.64750000000000E+00    8.00925625000000E+00
    2.65500000000000E+00    8.04902500000000E+00
    2.66250000000000E+00    8.08890625000000E+00
    2.67000000000000E+00    8.12890000000000E+00
    2.67750000000000E+00    8.16900625000000E+00
    2.68500000000000E+00    8.20922500000000E+00
    2.69250000000000E+00    8.24955625000000E+00
    2.70000000000000E+00    8.29000000000000E+00
    2.70750000000000E+00    8.33055625000000E+00
    2.71500000000000E+00    8.37122500000000E+00
    2.72250000000000E+00    8.41200625000000E+00
    2.73000000000000E+00    8.45290000000000E+00
    2.73750000000000E+00    8.49390625000000E+00
    2.74500000000000E+00    8.53502500000000E+00
    2.75250000000000E+00    8.57625625000000E+00
    2.76000000000000E+00    8.61760000000000E+00
    2.76750000000000E+00    8.65905625000000E+00
    2.77500000000000E+00    8.70062500000000E+00
    2.78250000000000E+00    8.74230625000000E+00
    2.79000000000000E+00    8.78410000000000E+00
    2.79750000000000E+00    8.82600625000000E+00
    2.80500000000000E+00    8.86802500000000E+00
    2.81250000000000E+00    8.91015625000000E+00
    2.82000000000000E+00    8.95240000000000E+00
    2.82750000000000E+00    8.99475625000000E+00
    2.83500000000000E+00    9.03722500000000E+00
    2.84250000000000E+00    9.07980625000000E+00
    2.85000000000000E+00    9.12250000000000E+00
    2.85750000000000E+00    9.16530625000000E+00
    2.86500000000000E+00    9.20822500000000E+00
    2.87250000000000E+00    9.25125625000000E+00
    2.88000000000000E+00    9.29440000000000E+00
    2.88750000000000E+00    9.33765625000000E+00
    2.89500000000000E+00    9.38102500000000E+00
    2.90250000000000E+00    9.42450625000000E+00
    2.91000000000000E+00    9.46810000000000E+00
    2.91750000000000E+00    9.51180625000000E+00
    2.92500000000000E+00    9.55562500000000E+00
    2.93250000000000E+00    9.59955625000000E+00
    2.94000000000000E+00    9.64360000000000E+00
    2.94750000000000E+00    9.68775625000000E+00
    2.95500000000000E+00    9.73202500000000E+00
    2.96250000000000E+00    9.77640625000000E+00
    2.97000000000000E+00    9.82090000000000E+00
    2.97750000000000E+00    9.86550625000000E+00
    2.98500000000000E+00    9.91022500000000E+00
    2.99250000000000E+00    9.95505625000000E+00
    3.00000000000000E+00    1.00000000000000E+01
