    0.0000000000E+00     5.0000000000E+01     5.0000000000E+01     1.4250000000E+01     0.0000000000E+00
    5.0000000000E-02     5.0717328517E+01     5.0717328518E+01     1.4443524332E+01     2.3263169169E-10
    1.0000000000E-01     5.1444390950E+01     5.1444390950E+01     1.4639359677E+01     4.7067771902E-10
    1.5000000000E-01     5.2181303309E+01     5.2181303310E+01     1.4837524468E+01     7.1420913628E-10
    2.0000000000E-01     5.2928182525E+01     5.2928182526E+01     1.5038037006E+01     9.6329699772E-10
    2.5000000000E-01     5.3685146441E+01     5.3685146442E+01     1.5240915448E+01     1.2180052522E-09
    3.0000000000E-01     5.4452313801E+01     5.4452313803E+01     1.5446177797E+01     1.4783836377E-09
    3.5000000000E-01     5.5229804249E+01     5.5229804251E+01     1.5653841892E+01     1.7445174194E-09
    4.0000000000E-01     5.6017738314E+01     5.6017738316E+01     1.5863925392E+01     2.0164705461E-09
    4.5000000000E-01     5.6816237403E+01     5.6816237405E+01     1.6076445771E+01     2.2942927558E-09
    5.0000000000E-01     5.7625423793E+01     5.7625423795E+01     1.6291420298E+01     2.5780622082E-09
    5.5000000000E-01     5.8445420619E+01     5.8445420622E+01     1.6508866028E+01     2.8678428521E-09
    6.0000000000E-01     5.9276351862E+01     5.9276351866E+01     1.6728799792E+01     3.1636844255E-09
    6.5000000000E-01     6.0118342341E+01     6.0118342345E+01     1.6951238177E+01     3.4656792991E-09
    7.0000000000E-01     6.0971517696E+01     6.0971517699E+01     1.7176197518E+01     3.7738629999E-09
    7.5000000000E-01     6.1836004376E+01     6.1836004380E+01     1.7403693882E+01     4.0882994767E-09
    8.0000000000E-01     6.2711929630E+01     6.2711929635E+01     1.7633743054E+01     4.4090597839E-09
    8.5000000000E-01     6.3599421486E+01     6.3599421491E+01     1.7866360522E+01     4.7362007649E-09
    9.0000000000E-01     6.4498608740E+01     6.4498608745E+01     1.8101561463E+01     5.0697650522E-09
    9.5000000000E-01     6.5409620938E+01     6.5409620943E+01     1.8339360728E+01     5.4098308055E-09
    1.0000000000E+00     6.6332588360E+01     6.6332588365E+01     1.8579772824E+01     5.7564477629E-09
    1.0500000000E+00     6.7267642003E+01     6.7267642009E+01     1.8822811903E+01     6.1096869786E-09
    1.1000000000E+00     6.8214913562E+01     6.8214913569E+01     1.9068491739E+01     6.4695768742E-09
    1.1500000000E+00     6.9174535412E+01     6.9174535419E+01     1.9316825719E+01     6.8362027150E-09
    1.2000000000E+00     7.0146640586E+01     7.0146640593E+01     1.9567826820E+01     7.2095787118E-09
    1.2500000000E+00     7.1131362755E+01     7.1131362763E+01     1.9821507596E+01     7.5897759189E-09
    1.3000000000E+00     7.2128836208E+01     7.2128836216E+01     2.0077880159E+01     7.9768511796E-09
    1.3500000000E+00     7.3139195828E+01     7.3139195836E+01     2.0336956158E+01     8.3708471266E-09
    1.4000000000E+00     7.4162577067E+01     7.4162577076E+01     2.0598746769E+01     8.7718063924E-09
    1.4500000000E+00     7.5199115926E+01     7.5199115935E+01     2.0863262667E+01     9.1797716095E-09
    1.5000000000E+00     7.6248948924E+01     7.6248948934E+01     2.1130514014E+01     9.5947996215E-09
    1.5500000000E+00     7.7312213078E+01     7.7312213088E+01     2.1400510436E+01     1.0016947272E-08
    1.6000000000E+00     7.8389045870E+01     7.8389045881E+01     2.1673261007E+01     1.0446214560E-08
    1.6500000000E+00     7.9479585223E+01     7.9479585234E+01     2.1948774227E+01     1.0882672541E-08
    1.7000000000E+00     8.0583969469E+01     8.0583969480E+01     2.2227058000E+01     1.1326349636E-08
    1.7500000000E+00     8.1702337320E+01     8.1702337332E+01     2.2508119619E+01     1.1777260056E-08
    1.8000000000E+00     8.2834827839E+01     8.2834827851E+01     2.2791965741E+01     1.2235460645E-08
    1.8500000000E+00     8.3981580402E+01     8.3981580415E+01     2.3078602367E+01     1.2700994034E-08
    1.9000000000E+00     8.5142734672E+01     8.5142734685E+01     2.3368034821E+01     1.3173846014E-08
    1.9500000000E+00     8.6318430558E+01     8.6318430572E+01     2.3660267731E+01     1.3654101849E-08
    2.0000000000E+00     8.7508808184E+01     8.7508808199E+01     2.3955305002E+01     1.4141747329E-08
    2.0500000000E+00     8.8714007850E+01     8.8714007865E+01     2.4253149798E+01     1.4636796664E-08
    2.1000000000E+00     8.9934169996E+01     8.9934170011E+01     2.4553804519E+01     1.5139292486E-08
    2.1500000000E+00     9.1169435161E+01     9.1169435177E+01     2.4857270776E+01     1.5649263219E-08
    2.2000000000E+00     9.2419943946E+01     9.2419943962E+01     2.5163549372E+01     1.6166708861E-08
    2.2500000000E+00     9.3685836970E+01     9.3685836987E+01     2.5472640276E+01     1.6691629412E-08
    2.3000000000E+00     9.4967254830E+01     9.4967254848E+01     2.5784542602E+01     1.7224053295E-08
    2.3500000000E+00     9.6264338058E+01     9.6264338075E+01     2.6099254583E+01     1.7763966298E-08
    2.4000000000E+00     9.7577227072E+01     9.7577227090E+01     2.6416773549E+01     1.8311411054E-08
    2.4500000000E+00     9.8906062135E+01     9.8906062154E+01     2.6737095902E+01     1.8866359142E-08
    2.5000000000E+00     1.0025098331E+02     1.0025098333E+02     2.7060217096E+01     1.9428810560E-08
    2.5500000000E+00     1.0161213040E+02     1.0161213042E+02     2.7386131607E+01     1.9998793732E-08
    2.6000000000E+00     1.0298964292E+02     1.0298964294E+02     2.7714832910E+01     2.0576251814E-08
    2.6500000000E+00     1.0438366001E+02     1.0438366003E+02     2.8046313460E+01     2.1161199015E-08
    2.7000000000E+00     1.0579432044E+02     1.0579432046E+02     2.8380564661E+01     2.1753621127E-08
    2.7500000000E+00     1.0722176249E+02     1.0722176252E+02     2.8717576843E+01     2.2353489726E-08
    2.8000000000E+00     1.0866612396E+02     1.0866612398E+02     2.9057339239E+01     2.2960833235E-08
    2.8500000000E+00     1.1012754206E+02     1.1012754208E+02     2.9399839961E+01     2.3575566388E-08
    2.9000000000E+00     1.1160615338E+02     1.1160615340E+02     2.9745065972E+01     2.4197689186E-08
    2.9500000000E+00     1.1310209384E+02     1.1310209386E+02     3.0093003062E+01     2.4827187417E-08
    3.0000000000E+00     1.1461549861E+02     1.1461549864E+02     3.0443635827E+01     2.5463975817E-08
    3.0500000000E+00     1.1614650207E+02     1.1614650210E+02     3.0796947639E+01     2.6108082807E-08
    3.1000000000E+00     1.1769523773E+02     1.1769523776E+02     3.1152920624E+01     2.6759408911E-08
    3.1500000000E+00     1.1926183817E+02     1.1926183820E+02     3.1511535638E+01     2.7417925708E-08
    3.2000000000E+00     1.2084643499E+02     1.2084643501E+02     3.1872772241E+01     2.8083618986E-08
    3.2500000000E+00     1.2244915872E+02     1.2244915875E+02     3.2236608675E+01     2.8756389270E-08
    3.3000000000E+00     1.2407013880E+02     1.2407013883E+02     3.2603021837E+01     2.9436222349E-08
    3.3500000000E+00     1.2570950344E+02     1.2570950347E+02     3.2971987256E+01     3.0123032957E-08
    3.4000000000E+00     1.2736737963E+02     1.2736737966E+02     3.3343479071E+01     3.0816750041E-08
    3.4500000000E+00     1.2904389300E+02     1.2904389304E+02     3.3717470005E+01     3.1517288335E-08
    3.5000000000E+00     1.3073916781E+02     1.3073916784E+02     3.4093931342E+01     3.2224647839E-08
    3.5500000000E+00     1.3245332681E+02     1.3245332684E+02     3.4472832908E+01     3.2938686445E-08
    3.6000000000E+00     1.3418649124E+02     1.3418649127E+02     3.4854143042E+01     3.3659347309E-08
    3.6500000000E+00     1.3593878070E+02     1.3593878074E+02     3.5237828581E+01     3.4386516745E-08
    3.7000000000E+00     1.3771031311E+02     1.3771031314E+02     3.5623854832E+01     3.5120137909E-08
    3.7500000000E+00     1.3950120459E+02     1.3950120463E+02     3.6012185553E+01     3.5860125536E-08
    3.8000000000E+00     1.4131156944E+02     1.4131156948E+02     3.6402782935E+01     3.6606365938E-08
    3.8500000000E+00     1.4314152001E+02     1.4314152005E+02     3.6795607578E+01     3.7358745431E-08
    3.9000000000E+00     1.4499116664E+02     1.4499116668E+02     3.7190618470E+01     3.8117121903E-08
    3.9500000000E+00     1.4686061758E+02     1.4686061762E+02     3.7587772976E+01     3.8881466935E-08
    4.0000000000E+00     1.4874997892E+02     1.4874997896E+02     3.7987026808E+01     3.9651638417E-08
    4.0500000000E+00     1.5065935449E+02     1.5065935453E+02     3.8388334018E+01     4.0427494241E-08
    4.1000000000E+00     1.5258884576E+02     1.5258884580E+02     3.8791646972E+01     4.1208920720E-08
    4.1500000000E+00     1.5453855179E+02     1.5453855183E+02     3.9196916340E+01     4.1995775746E-08
    4.2000000000E+00     1.5650856915E+02     1.5650856919E+02     3.9604091079E+01     4.2787945631E-08
    4.2500000000E+00     1.5849899178E+02     1.5849899182E+02     4.0013118415E+01     4.3585316689E-08
    4.3000000000E+00     1.6050991096E+02     1.6050991100E+02     4.0423943832E+01     4.4387689968E-08
    4.3500000000E+00     1.6254141519E+02     1.6254141524E+02     4.0836511061E+01     4.5194980203E-08
    4.4000000000E+00     1.6459359013E+02     1.6459359017E+02     4.1250762064E+01     4.6006931598E-08
    4.4500000000E+00     1.6666651846E+02     1.6666651851E+02     4.1666637026E+01     4.6823487310E-08
    4.5000000000E+00     1.6876027987E+02     1.6876027992E+02     4.2084074342E+01     4.7644533652E-08
    4.5500000000E+00     1.7087495088E+02     1.7087495093E+02     4.2503010612E+01     4.8469757985E-08
    4.6000000000E+00     1.7301060482E+02     1.7301060487E+02     4.2923380633E+01     4.9299131888E-08
    4.6500000000E+00     1.7516731172E+02     1.7516731177E+02     4.3345117388E+01     5.0132371143E-08
    4.7000000000E+00     1.7734513820E+02     1.7734513825E+02     4.3768152046E+01     5.0969362064E-08
    4.7500000000E+00     1.7954414738E+02     1.7954414743E+02     4.4192413957E+01     5.1809990964E-08
    4.8000000000E+00     1.8176439884E+02     1.8176439889E+02     4.4617830646E+01     5.2653945204E-08
    4.8500000000E+00     1.8400594845E+02     1.8400594851E+02     4.5044327816E+01     5.3501082675E-08
    4.9000000000E+00     1.8626884836E+02     1.8626884841E+02     4.5471829347E+01     5.4351232848E-08
    4.9500000000E+00     1.8855314683E+02     1.8855314688E+02     4.5900257295E+01     5.5204168348E-08
    5.0000000000E+00     1.9085888820E+02     1.9085888826E+02     4.6329531899E+01     5.6059775488E-08
    5.0500000000E+00     1.9318611277E+02     1.9318611283E+02     4.6759571581E+01     5.6917770053E-08
    5.1000000000E+00     1.9553485672E+02     1.9553485678E+02     4.7190292958E+01     5.7777896245E-08
    5.1500000000E+00     1.9790515201E+02     1.9790515207E+02     4.7621610845E+01     5.8640068801E-08
    5.2000000000E+00     2.0029702630E+02     2.0029702636E+02     4.8053438266E+01     5.9503946659E-08
    5.2500000000E+00     2.0271050285E+02     2.0271050291E+02     4.8485686465E+01     6.0369472976E-08
    5.3000000000E+00     2.0514560045E+02     2.0514560051E+02     4.8918264919E+01     6.1236249849E-08
    5.3500000000E+00     2.0760233331E+02     2.0760233337E+02     4.9351081354E+01     6.2104192011E-08
    5.4000000000E+00     2.1008071098E+02     2.1008071105E+02     4.9784041757E+01     6.2972986825E-08
    5.4500000000E+00     2.1258073829E+02     2.1258073835E+02     5.0217050399E+01     6.3842435338E-08
    5.5000000000E+00     2.1510241520E+02     2.1510241527E+02     5.0650009853E+01     6.4712367021E-08
    5.5500000000E+00     2.1764573680E+02     2.1764573687E+02     5.1082821016E+01     6.5582440811E-08
    5.6000000000E+00     2.2021069315E+02     2.2021069322E+02     5.1515383133E+01     6.6452429337E-08
    5.6500000000E+00     2.2279726926E+02     2.2279726933E+02     5.1947593821E+01     6.7322190489E-08
    5.7000000000E+00     2.2540544495E+02     2.2540544502E+02     5.2379349101E+01     6.8191383207E-08
    5.7500000000E+00     2.2803519482E+02     2.2803519489E+02     5.2810543423E+01     6.9059836960E-08
    5.8000000000E+00     2.3068648816E+02     2.3068648823E+02     5.3241069701E+01     6.9927239110E-08
    5.8500000000E+00     2.3335928885E+02     2.3335928892E+02     5.3670819347E+01     7.0793362283E-08
    5.9000000000E+00     2.3605355531E+02     2.3605355538E+02     5.4099682301E+01     7.1657979106E-08
    5.9500000000E+00     2.3876924044E+02     2.3876924051E+02     5.4527547078E+01     7.2520776939E-08
    6.0000000000E+00     2.4150629150E+02     2.4150629158E+02     5.4954300800E+01     7.3381670518E-08
    6.0500000000E+00     2.4426465010E+02     2.4426465017E+02     5.5379829243E+01     7.4240148251E-08
    6.1000000000E+00     2.4704425208E+02     2.4704425216E+02     5.5804016878E+01     7.5096096452E-08
    6.1500000000E+00     2.4984502749E+02     2.4984502757E+02     5.6226746919E+01     7.5949316169E-08
    6.2000000000E+00     2.5266690051E+02     2.5266690059E+02     5.6647901369E+01     7.6799437920E-08
    6.2500000000E+00     2.5550978938E+02     2.5550978946E+02     5.7067361074E+01     7.7646262753E-08
    6.3000000000E+00     2.5837360637E+02     2.5837360645E+02     5.7485005770E+01     7.8489563293E-08
    6.3500000000E+00     2.6125825769E+02     2.6125825777E+02     5.7900714144E+01     7.9328913216E-08
    6.4000000000E+00     2.6416364347E+02     2.6416364355E+02     5.8314363882E+01     8.0164227256E-08
    6.4500000000E+00     2.6708965771E+02     2.6708965779E+02     5.8725831737E+01     8.0995221197E-08
    6.5000000000E+00     2.7003618821E+02     2.7003618830E+02     5.9134993581E+01     8.1821610820E-08
    6.5500000000E+00     2.7300311655E+02     2.7300311664E+02     5.9541724472E+01     8.2643111909E-08
    6.6000000000E+00     2.7599031805E+02     2.7599031813E+02     5.9945898718E+01     8.3459440248E-08
    6.6500000000E+00     2.7899766171E+02     2.7899766179E+02     6.0347389941E+01     8.4270425305E-08
    6.7000000000E+00     2.8202501021E+02     2.8202501030E+02     6.0746071148E+01     8.5075896550E-08
    6.7500000000E+00     2.8507221986E+02     2.8507221995E+02     6.1141814798E+01     8.5875342393E-08
    6.8000000000E+00     2.8813914060E+02     2.8813914068E+02     6.1534492876E+01     8.6668649146E-08
    6.8500000000E+00     2.9122561592E+02     2.9122561601E+02     6.1923976965E+01     8.7455475750E-08
    6.9000000000E+00     2.9433148291E+02     2.9433148300E+02     6.2310138324E+01     8.8235822204E-08
    6.9500000000E+00     2.9745657222E+02     2.9745657231E+02     6.2692847959E+01     8.9009233761E-08
    7.0000000000E+00     3.0060070803E+02     3.0060070812E+02     6.3071976708E+01     8.9775369361E-08
    7.0500000000E+00     3.0376370806E+02     3.0376370815E+02     6.3447395317E+01     9.0534229003E-08
    7.1000000000E+00     3.0694538357E+02     3.0694538366E+02     6.3818974522E+01     9.1285357939E-08
    7.1500000000E+00     3.1014553937E+02     3.1014553946E+02     6.4186585133E+01     9.2028756171E-08
    7.2000000000E+00     3.1336397379E+02     3.1336397388E+02     6.4550098116E+01     9.2764082638E-08
    7.2500000000E+00     3.1660047874E+02     3.1660047883E+02     6.4909384680E+01     9.3490882591E-08
    7.3000000000E+00     3.1985483967E+02     3.1985483977E+02     6.5264316363E+01     9.4209212875E-08
    7.3500000000E+00     3.2312683566E+02     3.2312683575E+02     6.5614765120E+01     9.4918732430E-08
    7.4000000000E+00     3.2641623934E+02     3.2641623944E+02     6.5960603411E+01     9.5619270724E-08
    7.4500000000E+00     3.2972281704E+02     3.2972281714E+02     6.6301704289E+01     9.6310600384E-08
    7.5000000000E+00     3.3304632871E+02     3.3304632881E+02     6.6637941493E+01     9.6992437193E-08
    7.5500000000E+00     3.3638652804E+02     3.3638652813E+02     6.6969189537E+01     9.7664667464E-08
    7.6000000000E+00     3.3974316243E+02     3.3974316253E+02     6.7295323804E+01     9.8326893294E-08
    7.6500000000E+00     3.4311597312E+02     3.4311597322E+02     6.7616220633E+01     9.8979114682E-08
    7.7000000000E+00     3.4650469516E+02     3.4650469526E+02     6.7931757418E+01     9.9621161098E-08
    7.7500000000E+00     3.4990905751E+02     3.4990905761E+02     6.8241812694E+01     1.0025257779E-07
    7.8000000000E+00     3.5332878307E+02     3.5332878317E+02     6.8546266237E+01     1.0087347846E-07
    7.8500000000E+00     3.5676358879E+02     3.5676358889E+02     6.8844999151E+01     1.0148352203E-07
    7.9000000000E+00     3.6021318568E+02     3.6021318578E+02     6.9137893963E+01     1.0208248113E-07
    7.9500000000E+00     3.6367727895E+02     3.6367727905E+02     6.9424834717E+01     1.0267041262E-07
    8.0000000000E+00     3.6715556801E+02     3.6715556811E+02     6.9705707067E+01     1.0324680488E-07
    8.0500000000E+00     3.7064774663E+02     3.7064774674E+02     6.9980398365E+01     1.0381182847E-07
    8.1000000000E+00     3.7415350298E+02     3.7415350309E+02     7.0248797756E+01     1.0436508546E-07
    8.1500000000E+00     3.7767251973E+02     3.7767251983E+02     7.0510796271E+01     1.0490663271E-07
    8.2000000000E+00     3.8120447414E+02     3.8120447425E+02     7.0766286911E+01     1.0543612916E-07
    8.2500000000E+00     3.8474903820E+02     3.8474903831E+02     7.1015164741E+01     1.0595374533E-07
    8.3000000000E+00     3.8830587869E+02     3.8830587880E+02     7.1257326979E+01     1.0645885595E-07
    8.3500000000E+00     3.9187465730E+02     3.9187465740E+02     7.1492673080E+01     1.0695168839E-07
    8.4000000000E+00     3.9545503076E+02     3.9545503086E+02     7.1721104822E+01     1.0743207213E-07
    8.4500000000E+00     3.9904665094E+02     3.9904665105E+02     7.1942526394E+01     1.0789983662E-07
    8.5000000000E+00     4.0264916500E+02     4.0264916511E+02     7.2156844478E+01     1.0835492503E-07
    8.5500000000E+00     4.0626221548E+02     4.0626221559E+02     7.2363968326E+01     1.0879722367E-07
    8.6000000000E+00     4.0988544046E+02     4.0988544057E+02     7.2563809848E+01     1.0922650517E-07
    8.6500000000E+00     4.1351847367E+02     4.1351847378E+02     7.2756283681E+01     1.0964282637E-07
    8.7000000000E+00     4.1716094466E+02     4.1716094477E+02     7.2941307273E+01     1.1004607359E-07
    8.7500000000E+00     4.2081247890E+02     4.2081247901E+02     7.3118800951E+01     1.1043630366E-07
    8.8000000000E+00     4.2447269797E+02     4.2447269808E+02     7.3288687995E+01     1.1081334605E-07
    8.8500000000E+00     4.2814121969E+02     4.2814121980E+02     7.3450894708E+01     1.1117703025E-07
    8.9000000000E+00     4.3181765826E+02     4.3181765837E+02     7.3605350482E+01     1.1152735624E-07
    8.9500000000E+00     4.3550162443E+02     4.3550162454E+02     7.3751987865E+01     1.1186438087E-07
    9.0000000000E+00     4.3919272567E+02     4.3919272578E+02     7.3890742616E+01     1.1218804730E-07
    9.0500000000E+00     4.4289056630E+02     4.4289056641E+02     7.4021553775E+01     1.1249824183E-07
    9.1000000000E+00     4.4659474769E+02     4.4659474780E+02     7.4144363708E+01     1.1279496448E-07
    9.1500000000E+00     4.5030486841E+02     4.5030486852E+02     7.4259118169E+01     1.1307815839E-07
    9.2000000000E+00     4.5402052440E+02     4.5402052451E+02     7.4365766347E+01     1.1334782357E-07
    9.2500000000E+00     4.5774130915E+02     4.5774130926E+02     7.4464260914E+01     1.1360407370E-07
    9.3000000000E+00     4.6146681386E+02     4.6146681398E+02     7.4554558070E+01     1.1384679510E-07
    9.3500000000E+00     4.6519662766E+02     4.6519662777E+02     7.4636617582E+01     1.1407598777E-07
    9.4000000000E+00     4.6893033771E+02     4.6893033783E+02     7.4710402826E+01     1.1429182223E-07
    9.4500000000E+00     4.7266752948E+02     4.7266752960E+02     7.4775880817E+01     1.1449401427E-07
    9.5000000000E+00     4.7640778685E+02     4.7640778697E+02     7.4833022244E+01     1.1468301864E-07
    9.5500000000E+00     4.8015069234E+02     4.8015069245E+02     7.4881801496E+01     1.1485843743E-07
    9.6000000000E+00     4.8389582726E+02     4.8389582738E+02     7.4922196686E+01     1.1502055486E-07
    9.6500000000E+00     4.8764277197E+02     4.8764277208E+02     7.4954189675E+01     1.1516937093E-07
    9.7000000000E+00     4.9139110595E+02     4.9139110607E+02     7.4977766083E+01     1.1530505617E-07
    9.7500000000E+00     4.9514040812E+02     4.9514040823E+02     7.4992915310E+01     1.1542761058E-07
    9.8000000000E+00     4.9889025692E+02     4.9889025703E+02     7.4999630541E+01     1.1553692048E-07
    9.8500000000E+00     5.0264023055E+02     5.0264023067E+02     7.4997908755E+01     1.1563315638E-07
    9.9000000000E+00     5.0638990718E+02     5.0638990730E+02     7.4987750726E+01     1.1571648884E-07
    9.9500000000E+00     5.1013886510E+02     5.1013886521E+02     7.4969161024E+01     1.1578691783E-07
    1.0000000000E+01     5.1388668290E+02     5.1388668301E+02     7.4942148011E+01     1.1584472759E-07
    1.0050000000E+01     5.1763293971E+02     5.1763293982E+02     7.4906723831E+01     1.1588952020E-07
    1.0100000000E+01     5.2137721536E+02     5.2137721547E+02     7.4862904399E+01     1.1592203464E-07
    1.0150000000E+01     5.2511909055E+02     5.2511909067E+02     7.4810709387E+01     1.1594181615E-07
    1.0200000000E+01     5.2885814709E+02     5.2885814721E+02     7.4750162204E+01     1.1594931948E-07
    1.0250000000E+01     5.3259396802E+02     5.3259396814E+02     7.4681289975E+01     1.1594477201E-07
    1.0300000000E+01     5.3632613785E+02     5.3632613796E+02     7.4604123513E+01     1.1592783267E-07
    1.0350000000E+01     5.4005424271E+02     5.4005424282E+02     7.4518697292E+01     1.1589884252E-07
    1.0400000000E+01     5.4377787055E+02     5.4377787066E+02     7.4425049415E+01     1.1585814264E-07
    1.0450000000E+01     5.4749661131E+02     5.4749661143E+02     7.4323221574E+01     1.1580561932E-07
    1.0500000000E+01     5.5121005712E+02     5.5121005724E+02     7.4213259015E+01     1.1574161363E-07
    1.0550000000E+01     5.5491780245E+02     5.5491780256E+02     7.4095210492E+01     1.1566601188E-07
    1.0600000000E+01     5.5861944427E+02     5.5861944439E+02     7.3969128226E+01     1.1557926882E-07
    1.0650000000E+01     5.6231458230E+02     5.6231458241E+02     7.3835067850E+01     1.1548127077E-07
    1.0700000000E+01     5.6600281907E+02     5.6600281919E+02     7.3693088362E+01     1.1537235878E-07
    1.0750000000E+01     5.6968376019E+02     5.6968376030E+02     7.3543252070E+01     1.1525253285E-07
    1.0800000000E+01     5.7335701442E+02     5.7335701454E+02     7.3385624530E+01     1.1512190667E-07
    1.0850000000E+01     5.7702219393E+02     5.7702219404E+02     7.3220274493E+01     1.1498093500E-07
    1.0900000000E+01     5.8067891436E+02     5.8067891448E+02     7.3047273833E+01     1.1482961781E-07
    1.0950000000E+01     5.8432679505E+02     5.8432679516E+02     7.2866697491E+01     1.1466795513E-07
    1.1000000000E+01     5.8796545915E+02     5.8796545926E+02     7.2678623399E+01     1.1449651538E-07
    1.1050000000E+01     5.9159453377E+02     5.9159453389E+02     7.2483132415E+01     1.1431507119E-07
    1.1100000000E+01     5.9521365017E+02     5.9521365028E+02     7.2280308247E+01     1.1412407730E-07
    1.1150000000E+01     5.9882244382E+02     5.9882244393E+02     7.2070237379E+01     1.1392364740E-07
    1.1200000000E+01     6.0242055461E+02     6.0242055472E+02     7.1853008998E+01     1.1371389519E-07
    1.1250000000E+01     6.0600762695E+02     6.0600762707E+02     7.1628714908E+01     1.1349504803E-07
    1.1300000000E+01     6.0958330991E+02     6.0958331002E+02     7.1397449457E+01     1.1326721960E-07
    1.1350000000E+01     6.1314725732E+02     6.1314725743E+02     7.1159309448E+01     1.1303063729E-07
    1.1400000000E+01     6.1669912793E+02     6.1669912804E+02     7.0914394062E+01     1.1278564216E-07
    1.1450000000E+01     6.2023858549E+02     6.2023858561E+02     7.0662804768E+01     1.1253212051E-07
    1.1500000000E+01     6.2376529890E+02     6.2376529901E+02     7.0404645236E+01     1.1227052710E-07
    1.1550000000E+01     6.2727894228E+02     6.2727894239E+02     7.0140021256E+01     1.1200086192E-07
    1.1600000000E+01     6.3077919508E+02     6.3077919519E+02     6.9869040640E+01     1.1172346603E-07
    1.1650000000E+01     6.3426574222E+02     6.3426574233E+02     6.9591813140E+01     1.1143833945E-07
    1.1700000000E+01     6.3773827414E+02     6.3773827425E+02     6.9308450351E+01     1.1114593690E-07
    1.1750000000E+01     6.4119648689E+02     6.4119648700E+02     6.9019065627E+01     1.1084637208E-07
    1.1800000000E+01     6.4464008225E+02     6.4464008236E+02     6.8723773982E+01     1.1053964499E-07
    1.1850000000E+01     6.4806876778E+02     6.4806876789E+02     6.8422692002E+01     1.1022609669E-07
    1.1900000000E+01     6.5148225691E+02     6.5148225702E+02     6.8115937752E+01     1.0990572719E-07
    1.1950000000E+01     6.5488026901E+02     6.5488026912E+02     6.7803630681E+01     1.0957899121E-07
    1.2000000000E+01     6.5826252945E+02     6.5826252955E+02     6.7485891532E+01     1.0924588878E-07
    1.2050000000E+01     6.6162876966E+02     6.6162876977E+02     6.7162842245E+01     1.0890687463E-07
    1.2100000000E+01     6.6497872722E+02     6.6497872733E+02     6.6834605870E+01     1.0856160770E-07
    1.2150000000E+01     6.6831214586E+02     6.6831214597E+02     6.6501306467E+01     1.0821077012E-07
    1.2200000000E+01     6.7162877556E+02     6.7162877567E+02     6.6163069020E+01     1.0785424820E-07
    1.2250000000E+01     6.7492837256E+02     6.7492837267E+02     6.5820019342E+01     1.0749238299E-07
    1.2300000000E+01     6.7821069940E+02     6.7821069951E+02     6.5472283986E+01     1.0712528820E-07
    1.2350000000E+01     6.8147552498E+02     6.8147552509E+02     6.5119990150E+01     1.0675319118E-07
    1.2400000000E+01     6.8472262457E+02     6.8472262468E+02     6.4763265592E+01     1.0637620562E-07
    1.2450000000E+01     6.8795177983E+02     6.8795177994E+02     6.4402238537E+01     1.0599444522E-07
    1.2500000000E+01     6.9116277886E+02     6.9116277896E+02     6.4037037594E+01     1.0560813735E-07
    1.2550000000E+01     6.9435541618E+02     6.9435541628E+02     6.3667791661E+01     1.0521750937E-07
    1.2600000000E+01     6.9752949276E+02     6.9752949286E+02     6.3294629847E+01     1.0482267498E-07
    1.2650000000E+01     7.0068481605E+02     7.0068481615E+02     6.2917681382E+01     1.0442363418E-07
    1.2700000000E+01     7.0382119994E+02     7.0382120005E+02     6.2537075536E+01     1.0402072803E-07
    1.2750000000E+01     7.0693846480E+02     7.0693846490E+02     6.2152941536E+01     1.0361407021E-07
    1.2800000000E+01     7.1003643744E+02     7.1003643755E+02     6.1765408484E+01     1.0320400179E-07
    1.2850000000E+01     7.1311495114E+02     7.1311495125E+02     6.1374605280E+01     1.0279018170E-07
    1.2900000000E+01     7.1617384561E+02     7.1617384571E+02     6.0980660542E+01     1.0237340575E-07
    1.2950000000E+01     7.1921296698E+02     7.1921296708E+02     6.0583702533E+01     1.0195321920E-07
    1.3000000000E+01     7.2223216777E+02     7.2223216788E+02     6.0183859082E+01     1.0152996310E-07
    1.3050000000E+01     7.2523130692E+02     7.2523130702E+02     5.9781257515E+01     1.0110397852E-07
    1.3100000000E+01     7.2821024967E+02     7.2821024977E+02     5.9376024584E+01     1.0067515177E-07
    1.3150000000E+01     7.3116886762E+02     7.3116886772E+02     5.8968286393E+01     1.0024382391E-07
    1.3200000000E+01     7.3410703864E+02     7.3410703874E+02     5.8558168337E+01     9.9809881249E-08
    1.3250000000E+01     7.3702464687E+02     7.3702464697E+02     5.8145795033E+01     9.9373551166E-08
    1.3300000000E+01     7.3992158262E+02     7.3992158272E+02     5.7731290257E+01     9.8935174719E-08
    1.3350000000E+01     7.4279774242E+02     7.4279774251E+02     5.7314776883E+01     9.8494638223E-08
    1.3400000000E+01     7.4565302887E+02     7.4565302897E+02     5.6896376823E+01     9.8052055364E-08
    1.3450000000E+01     7.4848735067E+02     7.4848735077E+02     5.6476210967E+01     9.7607653515E-08
    1.3500000000E+01     7.5130062253E+02     7.5130062263E+02     5.6054399135E+01     9.7161205304E-08
    1.3550000000E+01     7.5409276513E+02     7.5409276522E+02     5.5631060013E+01     9.6713279163E-08
    1.3600000000E+01     7.5686370504E+02     7.5686370513E+02     5.5206311111E+01     9.6263647720E-08
    1.3650000000E+01     7.5961337468E+02     7.5961337478E+02     5.4780268706E+01     9.5812765721E-08
    1.3700000000E+01     7.6234171227E+02     7.6234171236E+02     5.4353047802E+01     9.5360519481E-08
    1.3750000000E+01     7.6504866171E+02     7.6504866181E+02     5.3924762077E+01     9.4906681625E-08
    1.3800000000E+01     7.6773417260E+02     7.6773417269E+02     5.3495523847E+01     9.4452047961E-08
    1.3850000000E+01     7.7039820007E+02     7.7039820017E+02     5.3065444019E+01     9.3995936368E-08
    1.3900000000E+01     7.7304070480E+02     7.7304070489E+02     5.2634632057E+01     9.3539142654E-08
    1.3950000000E+01     7.7566165288E+02     7.7566165297E+02     5.2203195940E+01     9.3081439445E-08
    1.4000000000E+01     7.7826101576E+02     7.7826101586E+02     5.1771242132E+01     9.2622599368E-08
    1.4050000000E+01     7.8083877021E+02     7.8083877030E+02     5.1338875544E+01     9.2163190857E-08
    1.4100000000E+01     7.8339489816E+02     7.8339489825E+02     5.0906199509E+01     9.1702986538E-08
    1.4150000000E+01     7.8592938670E+02     7.8592938679E+02     5.0473315747E+01     9.1242213784E-08
    1.4200000000E+01     7.8844222794E+02     7.8844222803E+02     5.0040324342E+01     9.0780986284E-08
    1.4250000000E+01     7.9093341898E+02     7.9093341907E+02     4.9607323716E+01     9.0319076662E-08
    1.4300000000E+01     7.9340296177E+02     7.9340296186E+02     4.9174410607E+01     8.9856825980E-08
    1.4350000000E+01     7.9585086308E+02     7.9585086317E+02     4.8741680044E+01     8.9394234237E-08
    1.4400000000E+01     7.9827713437E+02     7.9827713446E+02     4.8309225333E+01     8.8931415121E-08
    1.4450000000E+01     8.0068179174E+02     8.0068179183E+02     4.7877138035E+01     8.8468254944E-08
    1.4500000000E+01     8.0306485580E+02     8.0306485589E+02     4.7445507954E+01     8.8005094767E-08
    1.4550000000E+01     8.0542635162E+02     8.0542635171E+02     4.7014423120E+01     8.7541593530E-08
    1.4600000000E+01     8.0776630864E+02     8.0776630872E+02     4.6583969781E+01     8.7078205979E-08
    1.4650000000E+01     8.1008476053E+02     8.1008476062E+02     4.6154232386E+01     8.6614704742E-08
    1.4700000000E+01     8.1238174518E+02     8.1238174527E+02     4.5725293583E+01     8.6151203504E-08
    1.4750000000E+01     8.1465730455E+02     8.1465730463E+02     4.5297234208E+01     8.5687702267E-08
    1.4800000000E+01     8.1691148458E+02     8.1691148467E+02     4.4870133282E+01     8.5224428403E-08
    1.4850000000E+01     8.1914433514E+02     8.1914433522E+02     4.4444068005E+01     8.4761381913E-08
    1.4900000000E+01     8.2135590990E+02     8.2135590998E+02     4.4019113752E+01     8.4298449110E-08
    1.4950000000E+01     8.2354626626E+02     8.2354626634E+02     4.3595344077E+01     8.3835743681E-08
    1.5000000000E+01     8.2571546524E+02     8.2571546533E+02     4.3172830710E+01     8.3373038251E-08
    1.5050000000E+01     8.2786357143E+02     8.2786357151E+02     4.2751643558E+01     8.2911014943E-08
    1.5100000000E+01     8.2999065284E+02     8.2999065292E+02     4.2331850712E+01     8.2449219008E-08
    1.5150000000E+01     8.3209678085E+02     8.3209678093E+02     4.1913518445E+01     8.1987650447E-08
    1.5200000000E+01     8.3418203010E+02     8.3418203018E+02     4.1496711227E+01     8.1526536633E-08
    1.5250000000E+01     8.3624647843E+02     8.3624647851E+02     4.1081491723E+01     8.1065763879E-08
    1.5300000000E+01     8.3829020675E+02     8.3829020683E+02     4.0667920805E+01     8.0605673247E-08
    1.5350000000E+01     8.4031329897E+02     8.4031329905E+02     4.0256057563E+01     8.0145809989E-08
    1.5400000000E+01     8.4231584192E+02     8.4231584200E+02     3.9845959310E+01     7.9686742538E-08
    1.5450000000E+01     8.4429792525E+02     8.4429792533E+02     3.9437681601E+01     7.9228129835E-08
    1.5500000000E+01     8.4625964132E+02     8.4625964140E+02     3.9031278237E+01     7.8769858192E-08
    1.5550000000E+01     8.4820108518E+02     8.4820108526E+02     3.8626801284E+01     7.8312382357E-08
    1.5600000000E+01     8.5012235440E+02     8.5012235448E+02     3.8224301085E+01     7.7855247582E-08
    1.5650000000E+01     8.5202354904E+02     8.5202354912E+02     3.7823826276E+01     7.7399022302E-08
    1.5700000000E+01     8.5390477156E+02     8.5390477164E+02     3.7425423799E+01     7.6943365457E-08
    1.5750000000E+01     8.5576612672E+02     8.5576612679E+02     3.7029138924E+01     7.6488390732E-08
    1.5800000000E+01     8.5760772148E+02     8.5760772155E+02     3.6635015262E+01     7.6034098129E-08
    1.5850000000E+01     8.5942966496E+02     8.5942966504E+02     3.6243094783E+01     7.5580373959E-08
    1.5900000000E+01     8.6123206835E+02     8.6123206842E+02     3.5853417839E+01     7.5127445598E-08
    1.5950000000E+01     8.6301504478E+02     8.6301504486E+02     3.5466023178E+01     7.4675199357E-08
    1.6000000000E+01     8.6477870932E+02     8.6477870940E+02     3.5080947967E+01     7.4223635238E-08
    1.6050000000E+01     8.6652317883E+02     8.6652317891E+02     3.4698227814E+01     7.3772980613E-08
    1.6100000000E+01     8.6824857192E+02     8.6824857200E+02     3.4317896783E+01     7.3323008110E-08
    1.6150000000E+01     8.6995500887E+02     8.6995500894E+02     3.3939987423E+01     7.2873945101E-08
    1.6200000000E+01     8.7164261154E+02     8.7164261162E+02     3.3564530785E+01     7.2425564213E-08
    1.6250000000E+01     8.7331150332E+02     8.7331150339E+02     3.3191556446E+01     7.1977979132E-08
    1.6300000000E+01     8.7496180903E+02     8.7496180910E+02     3.2821092531E+01     7.1531303547E-08
    1.6350000000E+01     8.7659365486E+02     8.7659365493E+02     3.2453165736E+01     7.1085537456E-08
    1.6400000000E+01     8.7820716831E+02     8.7820716838E+02     3.2087801352E+01     7.0640567174E-08
    1.6450000000E+01     8.7980247810E+02     8.7980247817E+02     3.1725023288E+01     7.0196506385E-08
    1.6500000000E+01     8.8137971412E+02     8.8137971419E+02     3.1364854097E+01     6.9753014031E-08
    1.6550000000E+01     8.8293900735E+02     8.8293900742E+02     3.1007314996E+01     6.9310999606E-08
    1.6600000000E+01     8.8448048979E+02     8.8448048986E+02     3.0652425892E+01     6.8869326242E-08
    1.6650000000E+01     8.8600429441E+02     8.8600429448E+02     3.0300205409E+01     6.8428903433E-08
    1.6700000000E+01     8.8751055509E+02     8.8751055516E+02     2.9950670907E+01     6.7989276431E-08
    1.6750000000E+01     8.8899940654E+02     8.8899940661E+02     2.9603838514E+01     6.7550672611E-08
    1.6800000000E+01     8.9047098423E+02     8.9047098430E+02     2.9259723143E+01     6.7113091973E-08
    1.6850000000E+01     8.9192542436E+02     8.9192542443E+02     2.8918338521E+01     6.6676193455E-08
    1.6900000000E+01     8.9336286380E+02     8.9336286387E+02     2.8579697214E+01     6.6240545493E-08
    1.6950000000E+01     8.9478344000E+02     8.9478344006E+02     2.8243810651E+01     6.5805920713E-08
    1.7000000000E+01     8.9618729095E+02     8.9618729102E+02     2.7910689146E+01     6.5372205427E-08
    1.7050000000E+01     8.9757455515E+02     8.9757455522E+02     2.7580341929E+01     6.4939513322E-08
    1.7100000000E+01     8.9894537152E+02     8.9894537158E+02     2.7252777163E+01     6.4507730713E-08
    1.7150000000E+01     9.0029987936E+02     9.0029987942E+02     2.6928001975E+01     6.4077084971E-08
    1.7200000000E+01     9.0163821831E+02     9.0163821837E+02     2.6606022478E+01     6.3647462412E-08
    1.7250000000E+01     9.0296052829E+02     9.0296052835E+02     2.6286843793E+01     6.3219090407E-08
    1.7300000000E+01     9.0426694944E+02     9.0426694950E+02     2.5970470077E+01     6.2791514210E-08
    1.7350000000E+01     9.0555762210E+02     9.0555762216E+02     2.5656904547E+01     6.2365188569E-08
    1.7400000000E+01     9.0683268674E+02     9.0683268680E+02     2.5346149501E+01     6.1939886109E-08
    1.7450000000E+01     9.0809228391E+02     9.0809228397E+02     2.5038206343E+01     6.1515834204E-08
    1.7500000000E+01     9.0933655424E+02     9.0933655430E+02     2.4733075608E+01     6.1092805481E-08
    1.7550000000E+01     9.1056563834E+02     9.1056563840E+02     2.4430756984E+01     6.0670913626E-08
    1.7600000000E+01     9.1177967679E+02     9.1177967685E+02     2.4131249335E+01     6.0250272327E-08
    1.7650000000E+01     9.1297881009E+02     9.1297881015E+02     2.3834550724E+01     5.9830767896E-08
    1.7700000000E+01     9.1416317864E+02     9.1416317869E+02     2.3540658439E+01     5.9412172959E-08
    1.7750000000E+01     9.1533292265E+02     9.1533292271E+02     2.3249569009E+01     5.8995169638E-08
    1.7800000000E+01     9.1648818218E+02     9.1648818224E+02     2.2961278231E+01     5.8579075812E-08
    1.7850000000E+01     9.1762909704E+02     9.1762909709E+02     2.2675781193E+01     5.8164232541E-08
    1.7900000000E+01     9.1875580677E+02     9.1875580683E+02     2.2393072289E+01     5.7750639826E-08
    1.7950000000E+01     9.1986845063E+02     9.1986845069E+02     2.2113145250E+01     5.7338411352E-08
    1.8000000000E+01     9.2096716754E+02     9.2096716760E+02     2.1835993155E+01     5.6927206060E-08
    1.8050000000E+01     9.2205209607E+02     9.2205209612E+02     2.1561608461E+01     5.6517478697E-08
    1.8100000000E+01     9.2312337438E+02     9.2312337443E+02     2.1289983017E+01     5.6108774515E-08
    1.8150000000E+01     9.2418114021E+02     9.2418114027E+02     2.1021108087E+01     5.5701434576E-08
    1.8200000000E+01     9.2522553087E+02     9.2522553093E+02     2.0754974369E+01     5.5295572565E-08
    1.8250000000E+01     9.2625668317E+02     9.2625668323E+02     2.0491572016E+01     5.4890961110E-08
    1.8300000000E+01     9.2727473342E+02     9.2727473348E+02     2.0230890654E+01     5.4487600210E-08
    1.8350000000E+01     9.2827981740E+02     9.2827981746E+02     1.9972919401E+01     5.4085603551E-08
    1.8400000000E+01     9.2927207034E+02     9.2927207039E+02     1.9717646888E+01     5.3685084822E-08
    1.8450000000E+01     9.3025162687E+02     9.3025162693E+02     1.9465061272E+01     5.3285702961E-08
    1.8500000000E+01     9.3121862104E+02     9.3121862110E+02     1.9215150259E+01     5.2887799029E-08
    1.8550000000E+01     9.3217318626E+02     9.3217318632E+02     1.8967901122E+01     5.2491031965E-08
    1.8600000000E+01     9.3311545530E+02     9.3311545535E+02     1.8723300714E+01     5.2095970204E-08
    1.8650000000E+01     9.3404556025E+02     9.3404556031E+02     1.8481335487E+01     5.1702386372E-08
    1.8700000000E+01     9.3496363254E+02     9.3496363259E+02     1.8241991511E+01     5.1310053095E-08
    1.8750000000E+01     9.3586980285E+02     9.3586980291E+02     1.8005254488E+01     5.0919197747E-08
    1.8800000000E+01     9.3676420119E+02     9.3676420124E+02     1.7771109767E+01     5.0529820328E-08
    1.8850000000E+01     9.3764695679E+02     9.3764695684E+02     1.7539542365E+01     5.0141920838E-08
    1.8900000000E+01     9.3851819813E+02     9.3851819818E+02     1.7310536973E+01     4.9755499276E-08
    1.8950000000E+01     9.3937805292E+02     9.3937805297E+02     1.7084077983E+01     4.9370441957E-08
    1.9000000000E+01     9.4022664810E+02     9.4022664815E+02     1.6860149491E+01     4.8986976253E-08
    1.9050000000E+01     9.4106410978E+02     9.4106410983E+02     1.6638735320E+01     4.8605102165E-08
    1.9100000000E+01     9.4189056326E+02     9.4189056331E+02     1.6419819030E+01     4.8224819693E-08
    1.9150000000E+01     9.4270613303E+02     9.4270613308E+02     1.6203383932E+01     4.7845901463E-08
    1.9200000000E+01     9.4351094273E+02     9.4351094277E+02     1.5989413104E+01     4.7468688535E-08
    1.9250000000E+01     9.4430511513E+02     9.4430511518E+02     1.5777889401E+01     4.7092726163E-08
    1.9300000000E+01     9.4508877216E+02     9.4508877221E+02     1.5568795468E+01     4.6718696467E-08
    1.9350000000E+01     9.4586203488E+02     9.4586203493E+02     1.5362113756E+01     4.6346031013E-08
    1.9400000000E+01     9.4662502345E+02     9.4662502349E+02     1.5157826530E+01     4.5974957175E-08
    1.9450000000E+01     9.4737785714E+02     9.4737785719E+02     1.4955915882E+01     4.5605816013E-08
    1.9500000000E+01     9.4812065434E+02     9.4812065439E+02     1.4756363746E+01     4.5237925406E-08
    1.9550000000E+01     9.4885353252E+02     9.4885353257E+02     1.4559151903E+01     4.4871740101E-08
    1.9600000000E+01     9.4957660823E+02     9.4957660828E+02     1.4364261999E+01     4.4507260100E-08
    1.9650000000E+01     9.5028999711E+02     9.5028999715E+02     1.4171675551E+01     4.4144599087E-08
    1.9700000000E+01     9.5099381387E+02     9.5099381391E+02     1.3981373956E+01     4.3783416004E-08
    1.9750000000E+01     9.5168817228E+02     9.5168817232E+02     1.3793338508E+01     4.3423824536E-08
    1.9800000000E+01     9.5237318517E+02     9.5237318522E+02     1.3607550401E+01     4.3066052058E-08
    1.9850000000E+01     9.5304896446E+02     9.5304896450E+02     1.3423990742E+01     4.2709871195E-08
    1.9900000000E+01     9.5371562107E+02     9.5371562111E+02     1.3242640559E+01     4.2355509322E-08
    1.9950000000E+01     9.5437326502E+02     9.5437326506E+02     1.3063480811E+01     4.2002739065E-08
    2.0000000000E+01     9.5502200534E+02     9.5502200538E+02     1.2886492397E+01     4.1652015170E-08
    2.0050000000E+01     9.5566195013E+02     9.5566195017E+02     1.2711656162E+01     4.1302541831E-08
    2.0100000000E+01     9.5629320651E+02     9.5629320655E+02     1.2538952909E+01     4.0955114855E-08
    2.0150000000E+01     9.5691588065E+02     9.5691588069E+02     1.2368363404E+01     4.0609393182E-08
    2.0200000000E+01     9.5753007775E+02     9.5753007779E+02     1.2199868385E+01     4.0265263124E-08
    2.0250000000E+01     9.5813590207E+02     9.5813590211E+02     1.2033448570E+01     3.9923065742E-08
    2.0300000000E+01     9.5873345688E+02     9.5873345692E+02     1.1869084663E+01     3.9582687350E-08
    2.0350000000E+01     9.5932284448E+02     9.5932284452E+02     1.1706757361E+01     3.9243900574E-08
    2.0400000000E+01     9.5990416623E+02     9.5990416627E+02     1.1546447364E+01     3.8907273847E-08
    2.0450000000E+01     9.6047752252E+02     9.6047752256E+02     1.1388135377E+01     3.8572125050E-08
    2.0500000000E+01     9.6104301275E+02     9.6104301279E+02     1.1231802118E+01     3.8238908928E-08
    2.0550000000E+01     9.6160073539E+02     9.6160073542E+02     1.1077428327E+01     3.7907398109E-08
    2.0600000000E+01     9.6215078792E+02     9.6215078796E+02     1.0924994768E+01     3.7577706280E-08
    2.0650000000E+01     9.6269326688E+02     9.6269326692E+02     1.0774482235E+01     3.7249947127E-08
    2.0700000000E+01     9.6322826784E+02     9.6322826788E+02     1.0625871562E+01     3.6923893276E-08
    2.0750000000E+01     9.6375588541E+02     9.6375588545E+02     1.0479143623E+01     3.6599658415E-08
    2.0800000000E+01     9.6427621326E+02     9.6427621330E+02     1.0334279340E+01     3.6277469917E-08
    2.0850000000E+01     9.6478934409E+02     9.6478934413E+02     1.0191259686E+01     3.5956986721E-08
    2.0900000000E+01     9.6529536966E+02     9.6529536969E+02     1.0050065692E+01     3.5638436202E-08
    2.0950000000E+01     9.6579438077E+02     9.6579438081E+02     9.9106784520E+00     3.5321704672E-08
    2.1000000000E+01     9.6628646730E+02     9.6628646734E+02     9.7730791233E+00     3.5006905819E-08
    2.1050000000E+01     9.6677171817E+02     9.6677171821E+02     9.6372489348E+00     3.4693812268E-08
    2.1100000000E+01     9.6725022137E+02     9.6725022140E+02     9.5031691892E+00     3.4382765079E-08
    2.1150000000E+01     9.6772206395E+02     9.6772206399E+02     9.3708212674E+00     3.4073423194E-08
    2.1200000000E+01     9.6818733205E+02     9.6818733208E+02     9.2401866323E+00     3.3766127672E-08
    2.1250000000E+01     9.6864611086E+02     9.6864611090E+02     9.1112468318E+00     3.3460423765E-08
    2.1300000000E+01     9.6909848467E+02     9.6909848471E+02     8.9839835029E+00     3.3156766222E-08
    2.1350000000E+01     9.6954453685E+02     9.6954453688E+02     8.8583783744E+00     3.2854927667E-08
    2.1400000000E+01     9.6998434985E+02     9.6998434988E+02     8.7344132702E+00     3.2555135476E-08
    2.1450000000E+01     9.7041800521E+02     9.7041800524E+02     8.6120701126E+00     3.2257275961E-08
    2.1500000000E+01     9.7084558359E+02     9.7084558362E+02     8.4913309245E+00     3.1961121749E-08
    2.1550000000E+01     9.7126716474E+02     9.7126716477E+02     8.3721778325E+00     3.1667127587E-08
    2.1600000000E+01     9.7168282751E+02     9.7168282754E+02     8.2545930695E+00     3.1374725040E-08
    2.1650000000E+01     9.7209264989E+02     9.7209264992E+02     8.1385589768E+00     3.1084596230E-08
    2.1700000000E+01     9.7249670896E+02     9.7249670899E+02     8.0240580067E+00     3.0796059036E-08
    2.1750000000E+01     9.7289508095E+02     9.7289508098E+02     7.9110727244E+00     3.0509340831E-08
    2.1800000000E+01     9.7328784120E+02     9.7328784123E+02     7.7995858103E+00     3.0224782677E-08
    2.1850000000E+01     9.7367506422E+02     9.7367506425E+02     7.6895800621E+00     2.9942043511E-08
    2.1900000000E+01     9.7405682361E+02     9.7405682364E+02     7.5810383961E+00     2.9661123335E-08
    2.1950000000E+01     9.7443319217E+02     9.7443319220E+02     7.4739438492E+00     2.9382135835E-08
    2.2000000000E+01     9.7480424183E+02     9.7480424186E+02     7.3682795808E+00     2.9104967325E-08
    2.2050000000E+01     9.7517004369E+02     9.7517004372E+02     7.2640288738E+00     2.8829958865E-08
    2.2100000000E+01     9.7553066800E+02     9.7553066803E+02     7.1611751362E+00     2.8556655707E-08
    2.2150000000E+01     9.7588618421E+02     9.7588618424E+02     7.0597019028E+00     2.8285171538E-08
    2.2200000000E+01     9.7623666093E+02     9.7623666096E+02     6.9595928358E+00     2.8015620046E-08
    2.2250000000E+01     9.7658216596E+02     9.7658216599E+02     6.8608317263E+00     2.7748228604E-08
    2.2300000000E+01     9.7692276630E+02     9.7692276633E+02     6.7634024952E+00     2.7482542464E-08
    2.2350000000E+01     9.7725852814E+02     9.7725852817E+02     6.6672891945E+00     2.7218675314E-08
    2.2400000000E+01     9.7758951689E+02     9.7758951692E+02     6.5724760075E+00     2.6956740840E-08
    2.2450000000E+01     9.7791579715E+02     9.7791579718E+02     6.4789472502E+00     2.6696852728E-08
    2.2500000000E+01     9.7823743276E+02     9.7823743279E+02     6.3866873719E+00     2.6438783607E-08
    2.2550000000E+01     9.7855448678E+02     9.7855448680E+02     6.2956809553E+00     2.6182419788E-08
    2.2600000000E+01     9.7886702149E+02     9.7886702152E+02     6.2059127181E+00     2.5928216019E-08
    2.2650000000E+01     9.7917509843E+02     9.7917509846E+02     6.1173675123E+00     2.5675831239E-08
    2.2700000000E+01     9.7947877838E+02     9.7947877840E+02     6.0300303258E+00     2.5425151762E-08
    2.2750000000E+01     9.7977812135E+02     9.7977812138E+02     5.9438862817E+00     2.5176518648E-08
    2.2800000000E+01     9.8007318665E+02     9.8007318667E+02     5.8589206394E+00     2.4929818210E-08
    2.2850000000E+01     9.8036403281E+02     9.8036403284E+02     5.7751187942E+00     2.4684595701E-08
    2.2900000000E+01     9.8065071768E+02     9.8065071770E+02     5.6924662782E+00     2.4441646929E-08
    2.2950000000E+01     9.8093329836E+02     9.8093329838E+02     5.6109487597E+00     2.4200289772E-08
    2.3000000000E+01     9.8121183124E+02     9.8121183126E+02     5.5305520437E+00     2.3960751605E-08
    2.3050000000E+01     9.8148637201E+02     9.8148637203E+02     5.4512620718E+00     2.3723373488E-08
    2.3100000000E+01     9.8175697566E+02     9.8175697568E+02     5.3730649221E+00     2.3487586986E-08
    2.3150000000E+01     9.8202369648E+02     9.8202369650E+02     5.2959468090E+00     2.3253619474E-08
    2.3200000000E+01     9.8228658809E+02     9.8228658812E+02     5.2198940837E+00     2.3021698325E-08
    2.3250000000E+01     9.8254570342E+02     9.8254570344E+02     5.1448932330E+00     2.2791482479E-08
    2.3300000000E+01     9.8280109472E+02     9.8280109475E+02     5.0709308799E+00     2.2563085622E-08
    2.3350000000E+01     9.8305281360E+02     9.8305281362E+02     4.9979937830E+00     2.2336394068E-08
    2.3400000000E+01     9.8330091097E+02     9.8330091099E+02     4.9260688362E+00     2.2111748876E-08
    2.3450000000E+01     9.8354543713E+02     9.8354543715E+02     4.8551430685E+00     2.1888581614E-08
    2.3500000000E+01     9.8378644172E+02     9.8378644174E+02     4.7852036432E+00     2.1667347028E-08
    2.3550000000E+01     9.8402397372E+02     9.8402397375E+02     4.7162378581E+00     2.1448045118E-08
    2.3600000000E+01     9.8425808152E+02     9.8425808154E+02     4.6482331446E+00     2.1230448510E-08
    2.3650000000E+01     9.8448881285E+02     9.8448881287E+02     4.5811770673E+00     2.1014443519E-08
    2.3700000000E+01     9.8471621483E+02     9.8471621485E+02     4.5150573235E+00     2.0800484890E-08
    2.3750000000E+01     9.8494033398E+02     9.8494033400E+02     4.4498617427E+00     2.0588117877E-08
    2.3800000000E+01     9.8516121621E+02     9.8516121623E+02     4.3855782861E+00     2.0377456167E-08
    2.3850000000E+01     9.8537890682E+02     9.8537890684E+02     4.3221950455E+00     2.0168840820E-08
    2.3900000000E+01     9.8559345052E+02     9.8559345054E+02     4.2597002435E+00     1.9961817088E-08
    2.3950000000E+01     9.8580489145E+02     9.8580489147E+02     4.1980822321E+00     1.9756384972E-08
    2.4000000000E+01     9.8601327316E+02     9.8601327318E+02     4.1373294924E+00     1.9552885533E-08
    2.4050000000E+01     9.8621863863E+02     9.8621863865E+02     4.0774306337E+00     1.9350977709E-08
    2.4100000000E+01     9.8642103027E+02     9.8642103029E+02     4.0183743930E+00     1.9150775188E-08
    2.4150000000E+01     9.8662048993E+02     9.8662048995E+02     3.9601496340E+00     1.8952277969E-08
    2.4200000000E+01     9.8681705891E+02     9.8681705893E+02     3.9027453466E+00     1.8755486053E-08
    2.4250000000E+01     9.8701077796E+02     9.8701077798E+02     3.8461506459E+00     1.8560626813E-08
    2.4300000000E+01     9.8720168729E+02     9.8720168731E+02     3.7903547714E+00     1.8367245502E-08
    2.4350000000E+01     9.8738982657E+02     9.8738982659E+02     3.7353470864E+00     1.8175342120E-08
    2.4400000000E+01     9.8757523496E+02     9.8757523497E+02     3.6811170771E+00     1.7985257728E-08
    2.4450000000E+01     9.8775795107E+02     9.8775795108E+02     3.6276543513E+00     1.7796992324E-08
    2.4500000000E+01     9.8793801301E+02     9.8793801303E+02     3.5749486384E+00     1.7610204850E-08
    2.4550000000E+01     9.8811545838E+02     9.8811545840E+02     3.5229897877E+00     1.7425008991E-08
    2.4600000000E+01     9.8829032427E+02     9.8829032428E+02     3.4717677680E+00     1.7241518435E-08
    2.4650000000E+01     9.8846264727E+02     9.8846264729E+02     3.4212726666E+00     1.7059619495E-08
    2.4700000000E+01     9.8863246349E+02     9.8863246350E+02     3.3714946882E+00     1.6879425857E-08
    2.4750000000E+01     9.8879980853E+02     9.8879980855E+02     3.3224241545E+00     1.6700710148E-08
    2.4800000000E+01     9.8896471753E+02     9.8896471755E+02     3.2740515024E+00     1.6523699742E-08
    2.4850000000E+01     9.8912722515E+02     9.8912722517E+02     3.2263672841E+00     1.6348280951E-08
    2.4900000000E+01     9.8928736558E+02     9.8928736560E+02     3.1793621653E+00     1.6174453776E-08
    2.4950000000E+01     9.8944517253E+02     9.8944517255E+02     3.1330269248E+00     1.6002104530E-08
    2.5000000000E+01     9.8960067928E+02     9.8960067930E+02     3.0873524533E+00     1.5831460587E-08
    2.5050000000E+01     9.8975391864E+02     9.8975391866E+02     3.0423297523E+00     1.5662067199E-08
    2.5100000000E+01     9.8990492297E+02     9.8990492299E+02     2.9979499337E+00     1.5494492800E-08
    2.5150000000E+01     9.9005372420E+02     9.9005372422E+02     2.9542042182E+00     1.5328510017E-08
    2.5200000000E+01     9.9020035382E+02     9.9020035383E+02     2.9110839345E+00     1.5163891476E-08
    2.5250000000E+01     9.9034484288E+02     9.9034484289E+02     2.8685805188E+00     1.5000978237E-08
    2.5300000000E+01     9.9048722201E+02     9.9048722203E+02     2.8266855130E+00     1.4839315554E-08
    2.5350000000E+01     9.9062752143E+02     9.9062752145E+02     2.7853905645E+00     1.4679244487E-08
    2.5400000000E+01     9.9076577093E+02     9.9076577095E+02     2.7446874247E+00     1.4520537661E-08
    2.5450000000E+01     9.9090199990E+02     9.9090199991E+02     2.7045679481E+00     1.4363422451E-08
    2.5500000000E+01     9.9103623732E+02     9.9103623733E+02     2.6650240917E+00     1.4207898857E-08
    2.5550000000E+01     9.9116851177E+02     9.9116851178E+02     2.6260479135E+00     1.4053739505E-08
    2.5600000000E+01     9.9129885144E+02     9.9129885146E+02     2.5876315717E+00     1.3901058082E-08
    2.5650000000E+01     9.9142728413E+02     9.9142728414E+02     2.5497673240E+00     1.3749740901E-08
    2.5700000000E+01     9.9155383725E+02     9.9155383726E+02     2.5124475261E+00     1.3600129023E-08
    2.5750000000E+01     9.9167853783E+02     9.9167853784E+02     2.4756646312E+00     1.3451540326E-08
    2.5800000000E+01     9.9180141253E+02     9.9180141255E+02     2.4394111886E+00     1.3304543245E-08
    2.5850000000E+01     9.9192248765E+02     9.9192248766E+02     2.4036798431E+00     1.3159024093E-08
    2.5900000000E+01     9.9204178910E+02     9.9204178911E+02     2.3684633339E+00     1.3014869182E-08
    2.5950000000E+01     9.9215934244E+02     9.9215934246E+02     2.3337544933E+00     1.2871964827E-08
    2.6000000000E+01     9.9227517289E+02     9.9227517290E+02     2.2995462462E+00     1.2730424714E-08
    2.6050000000E+01     9.9238930530E+02     9.9238930531E+02     2.2658316090E+00     1.2590248843E-08
    2.6100000000E+01     9.9250176416E+02     9.9250176418E+02     2.2326036884E+00     1.2451664588E-08
    2.6150000000E+01     9.9261257366E+02     9.9261257368E+02     2.1998556806E+00     1.2314330888E-08
    2.6200000000E+01     9.9272175762E+02     9.9272175763E+02     2.1675808705E+00     1.2178247744E-08
    2.6250000000E+01     9.9282933953E+02     9.9282933954E+02     2.1357726306E+00     1.2043642528E-08
    2.6300000000E+01     9.9293534255E+02     9.9293534256E+02     2.1044244197E+00     1.1910060493E-08
    2.6350000000E+01     9.9303978953E+02     9.9303978954E+02     2.0735297827E+00     1.1777956388E-08
    2.6400000000E+01     9.9314270298E+02     9.9314270299E+02     2.0430823490E+00     1.1647216525E-08
    2.6450000000E+01     9.9324410511E+02     9.9324410512E+02     2.0130758319E+00     1.1517727216E-08
    2.6500000000E+01     9.9334401781E+02     9.9334401782E+02     1.9835040275E+00     1.1389488463E-08
    2.6550000000E+01     9.9344246266E+02     9.9344246267E+02     1.9543608141E+00     1.1262386579E-08
    2.6600000000E+01     9.9353946093E+02     9.9353946094E+02     1.9256401506E+00     1.1136762623E-08
    2.6650000000E+01     9.9363503362E+02     9.9363503363E+02     1.8973360763E+00     1.1012389223E-08
    2.6700000000E+01     9.9372920139E+02     9.9372920140E+02     1.8694427097E+00     1.0889266377E-08
    2.6750000000E+01     9.9382198463E+02     9.9382198465E+02     1.8419542475E+00     1.0767053027E-08
    2.6800000000E+01     9.9391340346E+02     9.9391340347E+02     1.8148649638E+00     1.0646317605E-08
    2.6850000000E+01     9.9400347769E+02     9.9400347770E+02     1.7881692092E+00     1.0527060113E-08
    2.6900000000E+01     9.9409222685E+02     9.9409222686E+02     1.7618614099E+00     1.0408598428E-08
    2.6950000000E+01     9.9417967020E+02     9.9417967021E+02     1.7359360669E+00     1.0291500985E-08
    2.7000000000E+01     9.9426582674E+02     9.9426582675E+02     1.7103877550E+00     1.0175426723E-08
    2.7050000000E+01     9.9435071517E+02     9.9435071518E+02     1.6852111219E+00     1.0060603017E-08
    2.7100000000E+01     9.9443435396E+02     9.9443435397E+02     1.6604008875E+00     9.9470298665E-09
    2.7150000000E+01     9.9451676128E+02     9.9451676129E+02     1.6359518430E+00     9.8345935839E-09
    2.7200000000E+01     9.9459795508E+02     9.9459795509E+02     1.6118588499E+00     9.7232941698E-09
    2.7250000000E+01     9.9467795302E+02     9.9467795303E+02     1.5881168394E+00     9.6130179372E-09
    2.7300000000E+01     9.9475677253E+02     9.9475677254E+02     1.5647208114E+00     9.5039922599E-09
    2.7350000000E+01     9.9483443078E+02     9.9483443079E+02     1.5416658335E+00     9.3961034509E-09
    2.7400000000E+01     9.9491094471E+02     9.9491094472E+02     1.5189470407E+00     9.2891241366E-09
    2.7450000000E+01     9.9498633101E+02     9.9498633102E+02     1.4965596340E+00     9.1833953775E-09
    2.7500000000E+01     9.9506060612E+02     9.9506060613E+02     1.4744988800E+00     9.0788034868E-09
    2.7550000000E+01     9.9513378626E+02     9.9513378627E+02     1.4527601099E+00     8.9753484644E-09
    2.7600000000E+01     9.9520588742E+02     9.9520588743E+02     1.4313387187E+00     8.8726892500E-09
    2.7650000000E+01     9.9527692535E+02     9.9527692536E+02     1.4102301647E+00     8.7713942776E-09
    2.7700000000E+01     9.9534691558E+02     9.9534691559E+02     1.3894299683E+00     8.6708951130E-09
    2.7750000000E+01     9.9541587341E+02     9.9541587342E+02     1.3689337113E+00     8.5715328169E-09
    2.7800000000E+01     9.9548381394E+02     9.9548381395E+02     1.3487370365E+00     8.4733073891E-09
    2.7850000000E+01     9.9555075204E+02     9.9555075205E+02     1.3288356465E+00     8.3759914560E-09
    2.7900000000E+01     9.9561670236E+02     9.9561670237E+02     1.3092253034E+00     8.2796987044E-09
    2.7950000000E+01     9.9568167935E+02     9.9568167936E+02     1.2899018274E+00     8.1845428213E-09
    2.8000000000E+01     9.9574569725E+02     9.9574569726E+02     1.2708610967E+00     8.0902964328E-09
    2.8050000000E+01     9.9580877010E+02     9.9580877011E+02     1.2520990467E+00     7.9969595390E-09
    2.8100000000E+01     9.9587091173E+02     9.9587091174E+02     1.2336116686E+00     7.9046458268E-09
    2.8150000000E+01     9.9593213578E+02     9.9593213579E+02     1.2153950097E+00     7.8133552961E-09
    2.8200000000E+01     9.9599245568E+02     9.9599245569E+02     1.1974451718E+00     7.7230879469E-09
    2.8250000000E+01     9.9605188468E+02     9.9605188469E+02     1.1797583111E+00     7.6335027188E-09
    2.8300000000E+01     9.9611043583E+02     9.9611043584E+02     1.1623306371E+00     7.5451680459E-09
    2.8350000000E+01     9.9616812200E+02     9.9616812201E+02     1.1451584124E+00     7.4577428677E-09
    2.8400000000E+01     9.9622495587E+02     9.9622495588E+02     1.1282379513E+00     7.3711134974E-09
    2.8450000000E+01     9.9628094993E+02     9.9628094994E+02     1.1115656199E+00     7.2856209954E-09
    2.8500000000E+01     9.9633611651E+02     9.9633611652E+02     1.0951378348E+00     7.2008106144E-09
    2.8550000000E+01     9.9639046773E+02     9.9639046774E+02     1.0789510629E+00     7.1170234150E-09
    2.8600000000E+01     9.9644401557E+02     9.9644401558E+02     1.0630018204E+00     7.0341457103E-09
    2.8650000000E+01     9.9649677182E+02     9.9649677182E+02     1.0472866725E+00     6.9522911872E-09
    2.8700000000E+01     9.9654874809E+02     9.9654874809E+02     1.0318022324E+00     6.8710050982E-09
    2.8750000000E+01     9.9659995583E+02     9.9659995584E+02     1.0165451609E+00     6.7907421908E-09
    2.8800000000E+01     9.9665040634E+02     9.9665040634E+02     1.0015121658E+00     6.7113887781E-09
    2.8850000000E+01     9.9670011073E+02     9.9670011073E+02     9.8670000111E-01     6.6328311732E-09
    2.8900000000E+01     9.9674907996E+02     9.9674907997E+02     9.7210546661E-01     6.5551830630E-09
    2.8950000000E+01     9.9679732485E+02     9.9679732485E+02     9.5772540709E-01     6.4782170739E-09
    2.9000000000E+01     9.9684485603E+02     9.9684485603E+02     9.4355671187E-01     6.4022742663E-09
    2.9050000000E+01     9.9689168399E+02     9.9689168400E+02     9.2959631418E-01     6.3271272666E-09
    2.9100000000E+01     9.9693781908E+02     9.9693781909E+02     9.1584119054E-01     6.2526623879E-09
    2.9150000000E+01     9.9698327148E+02     9.9698327149E+02     9.0228836025E-01     6.1793343775E-09
    2.9200000000E+01     9.9702805124E+02     9.9702805124E+02     8.8893488474E-01     6.1064611145E-09
    2.9250000000E+01     9.9707216824E+02     9.9707216825E+02     8.7577786708E-01     6.0346110331E-09
    2.9300000000E+01     9.9711563225E+02     9.9711563226E+02     8.6281445138E-01     5.9633293858E-09
    2.9350000000E+01     9.9715845287E+02     9.9715845288E+02     8.5004182224E-01     5.8930709201E-09
    2.9400000000E+01     9.9720063957E+02     9.9720063957E+02     8.3745720422E-01     5.8233808886E-09
    2.9450000000E+01     9.9724220168E+02     9.9724220168E+02     8.2505786130E-01     5.7546003518E-09
    2.9500000000E+01     9.9728314840E+02     9.9728314840E+02     8.1284109636E-01     5.6865019360E-09
    2.9550000000E+01     9.9732348879E+02     9.9732348879E+02     8.0080425063E-01     5.6189719544E-09
    2.9600000000E+01     9.9736323178E+02     9.9736323178E+02     7.8894470316E-01     5.5523514675E-09
    2.9650000000E+01     9.9740238617E+02     9.9740238617E+02     7.7725987037E-01     5.4865267884E-09
    2.9700000000E+01     9.9744096063E+02     9.9744096064E+02     7.6574720548E-01     5.4214979173E-09
    2.9750000000E+01     9.9747896372E+02     9.9747896372E+02     7.5440419804E-01     5.3568101066E-09
    2.9800000000E+01     9.9751640384E+02     9.9751640384E+02     7.4322837342E-01     5.2932591643E-09
    2.9850000000E+01     9.9755328930E+02     9.9755328930E+02     7.3221729234E-01     5.2302766562E-09
    2.9900000000E+01     9.9758962827E+02     9.9758962828E+02     7.2136855038E-01     5.1682036428E-09
    2.9950000000E+01     9.9762542882E+02     9.9762542883E+02     7.1067977749E-01     5.1065853768E-09
    3.0000000000E+01     9.9766069888E+02     9.9766069888E+02     7.0014863754E-01     5.0456492318E-09
    3.0050000000E+01     9.9769544627E+02     9.9769544628E+02     6.8977282785E-01     4.9852815209E-09
    3.0100000000E+01     9.9772967871E+02     9.9772967872E+02     6.7955007871E-01     4.9257096180E-09
    3.0150000000E+01     9.9776340379E+02     9.9776340380E+02     6.6947815297E-01     4.8668198360E-09
    3.0200000000E+01     9.9779662900E+02     9.9779662901E+02     6.5955484555E-01     4.8088395488E-09
    3.0250000000E+01     9.9782936172E+02     9.9782936172E+02     6.4977798301E-01     4.7510866352E-09
    3.0300000000E+01     9.9786160921E+02     9.9786160921E+02     6.4014542313E-01     4.6942432164E-09
    3.0350000000E+01     9.9789337863E+02     9.9789337864E+02     6.3065505446E-01     4.6379682317E-09
    3.0400000000E+01     9.9792467705E+02     9.9792467705E+02     6.2130479590E-01     4.5822616812E-09
    3.0450000000E+01     9.9795551141E+02     9.9795551142E+02     6.1209259630E-01     4.5273509386E-09
    3.0500000000E+01     9.9798588858E+02     9.9798588858E+02     6.0301643400E-01     4.4730086302E-09
    3.0550000000E+01     9.9801581529E+02     9.9801581529E+02     5.9407431645E-01     4.4191210691E-09
    3.0600000000E+01     9.9804529821E+02     9.9804529821E+02     5.8526427983E-01     4.3660293159E-09
    3.0650000000E+01     9.9807434389E+02     9.9807434389E+02     5.7658438859E-01     4.3132786232E-09
    3.0700000000E+01     9.9810295878E+02     9.9810295879E+02     5.6803273511E-01     4.2614374252E-09
    3.0750000000E+01     9.9813114927E+02     9.9813114927E+02     5.5960743928E-01     4.2101646613E-09
    3.0800000000E+01     9.9815892160E+02     9.9815892161E+02     5.5130664814E-01     4.1594603317E-09
    3.0850000000E+01     9.9818628198E+02     9.9818628198E+02     5.4312853546E-01     4.1092107494E-09
    3.0900000000E+01     9.9821323647E+02     9.9821323648E+02     5.3507130142E-01     4.0595296014E-09
    3.0950000000E+01     9.9823979109E+02     9.9823979109E+02     5.2713317220E-01     4.0105305743E-09
    3.1000000000E+01     9.9826595174E+02     9.9826595175E+02     5.1931239964E-01     3.9620999814E-09
    3.1050000000E+01     9.9829172426E+02     9.9829172426E+02     5.1160726087E-01     3.9141241359E-09
    3.1100000000E+01     9.9831711437E+02     9.9831711437E+02     5.0401605794E-01     3.8667167246E-09
    3.1150000000E+01     9.9834212773E+02     9.9834212774E+02     4.9653711750E-01     3.8197640606E-09
    3.1200000000E+01     9.9836676992E+02     9.9836676993E+02     4.8916879043E-01     3.7734935177E-09
    3.1250000000E+01     9.9839104643E+02     9.9839104643E+02     4.8190945151E-01     3.7275640352E-09
    3.1300000000E+01     9.9841496266E+02     9.9841496266E+02     4.7475749909E-01     3.6823166738E-09
    3.1350000000E+01     9.9843852394E+02     9.9843852395E+02     4.6771135475E-01     3.6375240597E-09
    3.1400000000E+01     9.9846173553E+02     9.9846173554E+02     4.6076946294E-01     3.5932998799E-09
    3.1450000000E+01     9.9848460260E+02     9.9848460261E+02     4.5393029073E-01     3.5496441342E-09
    3.1500000000E+01     9.9850713025E+02     9.9850713025E+02     4.4719232743E-01     3.5065568227E-09
    3.1550000000E+01     9.9852932350E+02     9.9852932350E+02     4.4055408428E-01     3.4636968849E-09
    3.1600000000E+01     9.9855118729E+02     9.9855118730E+02     4.3401409419E-01     3.4215190681E-09
    3.1650000000E+01     9.9857272652E+02     9.9857272652E+02     4.2757091137E-01     3.3796823118E-09
    3.1700000000E+01     9.9859394598E+02     9.9859394598E+02     4.2122311105E-01     3.3386413634E-09
    3.1750000000E+01     9.9861485040E+02     9.9861485040E+02     4.1496928920E-01     3.2977141018E-09
    3.1800000000E+01     9.9863544445E+02     9.9863544445E+02     4.0880806223E-01     3.2575826481E-09
    3.1850000000E+01     9.9865573272E+02     9.9865573273E+02     4.0273806666E-01     3.2177922549E-09
    3.1900000000E+01     9.9867571975E+02     9.9867571976E+02     3.9675795890E-01     3.1784566090E-09
    3.1950000000E+01     9.9869541000E+02     9.9869541000E+02     3.9086641491E-01     3.1395757105E-09
    3.2000000000E+01     9.9871480785E+02     9.9871480785E+02     3.8506212996E-01     3.1009221857E-09
    3.2050000000E+01     9.9873391764E+02     9.9873391764E+02     3.7934381832E-01     3.0629507819E-09
    3.2100000000E+01     9.9875274364E+02     9.9875274364E+02     3.7371021302E-01     3.0255478123E-09
    3.2150000000E+01     9.9877129005E+02     9.9877129006E+02     3.6816006557E-01     2.9883722164E-09
    3.2200000000E+01     9.9878956102E+02     9.9878956102E+02     3.6269214569E-01     2.9516513678E-09
    3.2250000000E+01     9.9880756062E+02     9.9880756062E+02     3.5730524106E-01     2.9153852665E-09
    3.2300000000E+01     9.9882529287E+02     9.9882529288E+02     3.5199815707E-01     2.8795739127E-09
    3.2350000000E+01     9.9884276174E+02     9.9884276175E+02     3.4676971653E-01     2.8441036193E-09
    3.2400000000E+01     9.9885997114E+02     9.9885997114E+02     3.4161875947E-01     2.8092017601E-09
    3.2450000000E+01     9.9887692489E+02     9.9887692490E+02     3.3654414286E-01     2.7745272746E-09
    3.2500000000E+01     9.9889362680E+02     9.9889362681E+02     3.3154474037E-01     2.7404212233E-09
    3.2550000000E+01     9.9891008060E+02     9.9891008060E+02     3.2661944215E-01     2.7065425456E-09
    3.2600000000E+01     9.9892628996E+02     9.9892628997E+02     3.2176715458E-01     2.6732323022E-09
    3.2650000000E+01     9.9894225852E+02     9.9894225852E+02     3.1698680003E-01     2.6402631192E-09
    3.2700000000E+01     9.9895798983E+02     9.9895798983E+02     3.1227731664E-01     2.6077486837E-09
    3.2750000000E+01     9.9897348741E+02     9.9897348741E+02     3.0763765810E-01     2.5755753086E-09
    3.2800000000E+01     9.9898875474E+02     9.9898875474E+02     3.0306679340E-01     2.5436293072E-09
    3.2850000000E+01     9.9900379522E+02     9.9900379522E+02     2.9856370665E-01     2.5122517400E-09
    3.2900000000E+01     9.9901861222E+02     9.9901861222E+02     2.9412739683E-01     2.4811015464E-09
    3.2950000000E+01     9.9903320906E+02     9.9903320906E+02     2.8975687757E-01     2.4501787266E-09
    3.3000000000E+01     9.9904758899E+02     9.9904758899E+02     2.8545117699E-01     2.4199380277E-09
    3.3050000000E+01     9.9906175524E+02     9.9906175524E+02     2.8120933741E-01     2.3900383894E-09
    3.3100000000E+01     9.9907571097E+02     9.9907571097E+02     2.7703041524E-01     2.3603661248E-09
    3.3150000000E+01     9.9908945931E+02     9.9908945932E+02     2.7291348069E-01     2.3311486075E-09
    3.3200000000E+01     9.9910300334E+02     9.9910300334E+02     2.6885761763E-01     2.3023858375E-09
    3.3250000000E+01     9.9911634608E+02     9.9911634608E+02     2.6486192335E-01     2.2736230676E-09
    3.3300000000E+01     9.9912949052E+02     9.9912949052E+02     2.6092550841E-01     2.2453150450E-09
    3.3350000000E+01     9.9914243960E+02     9.9914243960E+02     2.5704749641E-01     2.2173480829E-09
    3.3400000000E+01     9.9915519623E+02     9.9915519623E+02     2.5322702383E-01     2.1899495550E-09
    3.3450000000E+01     9.9916776325E+02     9.9916776325E+02     2.4946323981E-01     2.1627784008E-09
    3.3500000000E+01     9.9918014348E+02     9.9918014348E+02     2.4575530600E-01     2.1358346203E-09
    3.3550000000E+01     9.9919233970E+02     9.9919233970E+02     2.4210239637E-01     2.1093455871E-09
    3.3600000000E+01     9.9920435463E+02     9.9920435463E+02     2.3850369701E-01     2.0828565539E-09
    3.3650000000E+01     9.9921619096E+02     9.9921619096E+02     2.3495840598E-01     2.0570496417E-09
    3.3700000000E+01     9.9922785134E+02     9.9922785134E+02     2.3146573315E-01     2.0311290427E-09
    3.3750000000E+01     9.9923933839E+02     9.9923933840E+02     2.2802489996E-01     2.0060042516E-09
    3.3800000000E+01     9.9925065468E+02     9.9925065469E+02     2.2463513933E-01     1.9809931473E-09
    3.3850000000E+01     9.9926180275E+02     9.9926180275E+02     2.2129569547E-01     1.9560957298E-09
    3.3900000000E+01     9.9927278508E+02     9.9927278508E+02     2.1800582367E-01     1.9316530597E-09
    3.3950000000E+01     9.9928360414E+02     9.9928360414E+02     2.1476479022E-01     1.9074377633E-09
    3.4000000000E+01     9.9929426236E+02     9.9929426236E+02     2.1157187217E-01     1.8836772142E-09
    3.4050000000E+01     9.9930476212E+02     9.9930476212E+02     2.0842635724E-01     1.8601440388E-09
    3.4100000000E+01     9.9931510577E+02     9.9931510578E+02     2.0532754361E-01     1.8369519239E-09
    3.4150000000E+01     9.9932529564E+02     9.9932529564E+02     2.0227473980E-01     1.8137598090E-09
    3.4200000000E+01     9.9933533400E+02     9.9933533401E+02     1.9926726454E-01     1.7910224415E-09
    3.4250000000E+01     9.9934522311E+02     9.9934522311E+02     1.9630444655E-01     1.7687398213E-09
    3.4300000000E+01     9.9935496518E+02     9.9935496518E+02     1.9338562446E-01     1.7464572011E-09
    3.4350000000E+01     9.9936456240E+02     9.9936456240E+02     1.9051014664E-01     1.7247430151E-09
    3.4400000000E+01     9.9937401691E+02     9.9937401691E+02     1.8767737108E-01     1.7029151422E-09
    3.4450000000E+01     9.9938333084E+02     9.9938333084E+02     1.8488666519E-01     1.6814283299E-09
    3.4500000000E+01     9.9939250627E+02     9.9939250627E+02     1.8213740575E-01     1.6605099518E-09
    3.4550000000E+01     9.9940154526E+02     9.9940154526E+02     1.7942897870E-01     1.6394778868E-09
    3.4600000000E+01     9.9941044983E+02     9.9941044984E+02     1.7676077903E-01     1.6190142560E-09
    3.4650000000E+01     9.9941922199E+02     9.9941922200E+02     1.7413221067E-01     1.5985506252E-09
    3.4700000000E+01     9.9942786371E+02     9.9942786371E+02     1.7154268633E-01     1.5784280549E-09
    3.4750000000E+01     9.9943637690E+02     9.9943637691E+02     1.6899162738E-01     1.5586465452E-09
    3.4800000000E+01     9.9944476350E+02     9.9944476350E+02     1.6647846374E-01     1.5389787222E-09
    3.4850000000E+01     9.9945302537E+02     9.9945302537E+02     1.6400263373E-01     1.5195382730E-09
    3.4900000000E+01     9.9946116438E+02     9.9946116438E+02     1.6156358396E-01     1.5004388842E-09
    3.4950000000E+01     9.9946918234E+02     9.9946918234E+02     1.5916076920E-01     1.4815668692E-09
    3.5000000000E+01     9.9947708105E+02     9.9947708105E+02     1.5679365228E-01     1.4628085410E-09
    3.5050000000E+01     9.9948486229E+02     9.9948486229E+02     1.5446170395E-01     1.4443912733E-09
    3.5100000000E+01     9.9949252780E+02     9.9949252780E+02     1.5216440278E-01     1.4262013792E-09
    3.5150000000E+01     9.9950007930E+02     9.9950007930E+02     1.4990123505E-01     1.4081251720E-09
    3.5200000000E+01     9.9950751848E+02     9.9950751848E+02     1.4767169459E-01     1.3903900253E-09
    3.5250000000E+01     9.9951484702E+02     9.9951484702E+02     1.4547528276E-01     1.3727685655E-09
    3.5300000000E+01     9.9952206655E+02     9.9952206655E+02     1.4331150823E-01     1.3552607925E-09
    3.5350000000E+01     9.9952917870E+02     9.9952917871E+02     1.4117988696E-01     1.3382077668E-09
    3.5400000000E+01     9.9953618507E+02     9.9953618507E+02     1.3907994207E-01     1.3213821148E-09
    3.5450000000E+01     9.9954308722E+02     9.9954308722E+02     1.3701120369E-01     1.3044427760E-09
    3.5500000000E+01     9.9954988670E+02     9.9954988670E+02     1.3497320893E-01     1.2879581845E-09
    3.5550000000E+01     9.9955658504E+02     9.9955658505E+02     1.3296550173E-01     1.2715872799E-09
    3.5600000000E+01     9.9956318375E+02     9.9956318375E+02     1.3098763276E-01     1.2556711226E-09
    3.5650000000E+01     9.9956968430E+02     9.9956968430E+02     1.2903915934E-01     1.2396412785E-09
    3.5700000000E+01     9.9957608815E+02     9.9957608815E+02     1.2711964534E-01     1.2237251212E-09
    3.5750000000E+01     9.9958239674E+02     9.9958239674E+02     1.2522866107E-01     1.2082637113E-09
    3.5800000000E+01     9.9958861148E+02     9.9958861148E+02     1.2336578320E-01     1.1929159882E-09
    3.5850000000E+01     9.9959473378E+02     9.9959473378E+02     1.2153059466E-01     1.1777956388E-09
    3.5900000000E+01     9.9960076500E+02     9.9960076500E+02     1.1972268455E-01     1.1627889762E-09
    3.5950000000E+01     9.9960670649E+02     9.9960670649E+02     1.1794164804E-01     1.1478960005E-09
    3.6000000000E+01     9.9961255960E+02     9.9961255960E+02     1.1618708629E-01     1.1333440852E-09
    3.6050000000E+01     9.9961832564E+02     9.9961832564E+02     1.1445860638E-01     1.1189058569E-09
    3.6100000000E+01     9.9962400589E+02     9.9962400589E+02     1.1275582118E-01     1.1046950021E-09
    3.6150000000E+01     9.9962960164E+02     9.9962960164E+02     1.1107834929E-01     1.0907115211E-09
    3.6200000000E+01     9.9963511414E+02     9.9963511414E+02     1.0942581498E-01     1.0768417269E-09
    3.6250000000E+01     9.9964054463E+02     9.9964054463E+02     1.0779784804E-01     1.0631993064E-09
    3.6300000000E+01     9.9964589433E+02     9.9964589433E+02     1.0619408378E-01     1.0495568858E-09
    3.6350000000E+01     9.9965116444E+02     9.9965116444E+02     1.0461416289E-01     1.0361418390E-09
    3.6400000000E+01     9.9965635614E+02     9.9965635614E+02     1.0305773137E-01     1.0229541658E-09
    3.6450000000E+01     9.9966147060E+02     9.9966147060E+02     1.0152444048E-01     1.0098801795E-09
    3.6500000000E+01     9.9966650896E+02     9.9966650896E+02     1.0001394662E-01     9.9691987998E-10
    3.6550000000E+01     9.9967147237E+02     9.9967147237E+02     9.8525911311E-02     9.8430064099E-10
    3.6600000000E+01     9.9967636192E+02     9.9967636192E+02     9.7060001059E-02     9.7156771517E-10
    3.6650000000E+01     9.9968117873E+02     9.9968117873E+02     9.5615887320E-02     9.5928953669E-10
    3.6700000000E+01     9.9968592387E+02     9.9968592387E+02     9.4193246414E-02     9.4689767138E-10
    3.6750000000E+01     9.9969059841E+02     9.9969059841E+02     9.2791759457E-02     9.3496055342E-10
    3.6800000000E+01     9.9969520339E+02     9.9969520339E+02     9.1411112286E-02     9.2279606179E-10
    3.6850000000E+01     9.9969973986E+02     9.9969973986E+02     9.0050995397E-02     9.1108631750E-10
    3.6900000000E+01     9.9970420883E+02     9.9970420883E+02     8.8711103866E-02     8.9949026005E-10
    3.6950000000E+01     9.9970861130E+02     9.9970861130E+02     8.7391137292E-02     8.8800788944E-10
    3.7000000000E+01     9.9971294827E+02     9.9971294827E+02     8.6090799721E-02     8.7663920567E-10
    3.7050000000E+01     9.9971722070E+02     9.9971722070E+02     8.4809799588E-02     8.6538420874E-10
    3.7100000000E+01     9.9972142957E+02     9.9972142957E+02     8.3547849647E-02     8.5424289864E-10
    3.7150000000E+01     9.9972557580E+02     9.9972557580E+02     8.2304666911E-02     8.4344264906E-10
    3.7200000000E+01     9.9972966034E+02     9.9972966034E+02     8.1079972586E-02     8.3252871264E-10
    3.7250000000E+01     9.9973368410E+02     9.9973368410E+02     7.9873492011E-02     8.2172846305E-10
    3.7300000000E+01     9.9973764799E+02     9.9973764799E+02     7.8684954597E-02     8.1126927398E-10
    3.7350000000E+01     9.9974155289E+02     9.9974155289E+02     7.7514093767E-02     8.0081008491E-10
    3.7400000000E+01     9.9974539969E+02     9.9974539969E+02     7.6360646894E-02     7.9057826952E-10
    3.7450000000E+01     9.9974918924E+02     9.9974918924E+02     7.5224355247E-02     7.8023276728E-10
    3.7500000000E+01     9.9975292241E+02     9.9975292241E+02     7.4104963931E-02     7.7034201240E-10
    3.7550000000E+01     9.9975660002E+02     9.9975660002E+02     7.3002221830E-02     7.6033757068E-10
    3.7600000000E+01     9.9976022290E+02     9.9976022290E+02     7.1915881553E-02     7.5056050264E-10
    3.7650000000E+01     9.9976379187E+02     9.9976379188E+02     7.0845699376E-02     7.4089712143E-10
    3.7700000000E+01     9.9976730774E+02     9.9976730774E+02     6.9791435193E-02     7.3146111390E-10
    3.7750000000E+01     9.9977077128E+02     9.9977077128E+02     6.8752852456E-02     7.2202510637E-10
    3.7800000000E+01     9.9977418328E+02     9.9977418328E+02     6.7729718128E-02     7.1270278568E-10
    3.7850000000E+01     9.9977754450E+02     9.9977754451E+02     6.6721802628E-02     7.0360783866E-10
    3.7900000000E+01     9.9978085571E+02     9.9978085571E+02     6.5728879779E-02     6.9462657848E-10
    3.7950000000E+01     9.9978411764E+02     9.9978411764E+02     6.4750726762E-02     6.8553163146E-10
    3.8000000000E+01     9.9978733103E+02     9.9978733103E+02     6.3787124064E-02     6.7689143179E-10
    3.8050000000E+01     9.9979049659E+02     9.9979049659E+02     6.2837855426E-02     6.6813754529E-10
    3.8100000000E+01     9.9979361505E+02     9.9979361505E+02     6.1902707801E-02     6.5938365879E-10
    3.8150000000E+01     9.9979668709E+02     9.9979668709E+02     6.0981471300E-02     6.5097083279E-10
    3.8200000000E+01     9.9979971342E+02     9.9979971342E+02     6.0073939152E-02     6.4255800680E-10
    3.8250000000E+01     9.9980269471E+02     9.9980269471E+02     5.9179907652E-02     6.3425886765E-10
    3.8300000000E+01     9.9980563163E+02     9.9980563163E+02     5.8299176119E-02     6.2595972850E-10
    3.8350000000E+01     9.9980852485E+02     9.9980852485E+02     5.7431546851E-02     6.1800164985E-10
    3.8400000000E+01     9.9981137500E+02     9.9981137500E+02     5.6576825079E-02     6.1004357121E-10
    3.8450000000E+01     9.9981418274E+02     9.9981418274E+02     5.5734818926E-02     6.0208549257E-10
    3.8500000000E+01     9.9981694869E+02     9.9981694869E+02     5.4905339362E-02     5.9435478761E-10
    3.8550000000E+01     9.9981967348E+02     9.9981967348E+02     5.4088200164E-02     5.8662408264E-10
    3.8600000000E+01     9.9982235772E+02     9.9982235772E+02     5.3283217874E-02     5.7900706452E-10
    3.8650000000E+01     9.9982500200E+02     9.9982500200E+02     5.2490211755E-02     5.7139004639E-10
    3.8700000000E+01     9.9982760693E+02     9.9982760694E+02     5.1709003755E-02     5.6411408877E-10
    3.8750000000E+01     9.9983017310E+02     9.9983017310E+02     5.0939418466E-02     5.5683813116E-10
    3.8800000000E+01     9.9983270107E+02     9.9983270107E+02     5.0181283084E-02     5.4956217355E-10
    3.8850000000E+01     9.9983519141E+02     9.9983519141E+02     4.9434427369E-02     5.4239990277E-10
    3.8900000000E+01     9.9983764470E+02     9.9983764470E+02     4.8698683610E-02     5.3523763199E-10
    3.8950000000E+01     9.9984006146E+02     9.9984006146E+02     4.7973886588E-02     5.2830273489E-10
    3.9000000000E+01     9.9984244226E+02     9.9984244226E+02     4.7259873535E-02     5.2170889830E-10
    3.9050000000E+01     9.9984478763E+02     9.9984478763E+02     4.6556484101E-02     5.1477400120E-10
    3.9100000000E+01     9.9984709809E+02     9.9984709809E+02     4.5863560318E-02     5.0806647778E-10
    3.9150000000E+01     9.9984937416E+02     9.9984937416E+02     4.5180946563E-02     5.0170001487E-10
    3.9200000000E+01     9.9985161635E+02     9.9985161635E+02     4.4508489525E-02     4.9510617828E-10
    3.9250000000E+01     9.9985382517E+02     9.9985382517E+02     4.3846038169E-02     4.8873971537E-10
    3.9300000000E+01     9.9985600112E+02     9.9985600112E+02     4.3193443705E-02     4.8225956562E-10
    3.9350000000E+01     9.9985814468E+02     9.9985814468E+02     4.2550559552E-02     4.7600678954E-10
    3.9400000000E+01     9.9986025633E+02     9.9986025633E+02     4.1917241306E-02     4.6986770030E-10
    3.9450000000E+01     9.9986233656E+02     9.9986233656E+02     4.1293346708E-02     4.6372861107E-10
    3.9500000000E+01     9.9986438582E+02     9.9986438582E+02     4.0678735614E-02     4.5758952183E-10
    3.9550000000E+01     9.9986640459E+02     9.9986640459E+02     4.0073269960E-02     4.5167780627E-10
    3.9600000000E+01     9.9986839330E+02     9.9986839330E+02     3.9476813734E-02     4.4576609071E-10
    3.9650000000E+01     9.9987035242E+02     9.9987035242E+02     3.8889232943E-02     4.3996806198E-10
    3.9700000000E+01     9.9987228237E+02     9.9987228237E+02     3.8310395588E-02     4.3417003326E-10
    3.9750000000E+01     9.9987418360E+02     9.9987418360E+02     3.7740171628E-02     4.2848569137E-10
    3.9800000000E+01     9.9987605653E+02     9.9987605653E+02     3.7178432956E-02     4.2291503632E-10
    3.9850000000E+01     9.9987790158E+02     9.9987790158E+02     3.6625053368E-02     4.1734438128E-10
    3.9900000000E+01     9.9987971917E+02     9.9987971917E+02     3.6079908534E-02     4.1200109990E-10
    3.9950000000E+01     9.9988150971E+02     9.9988150971E+02     3.5542875973E-02     4.0643044485E-10
    4.0000000000E+01     9.9988327359E+02     9.9988327359E+02     3.5013835025E-02     4.0108716348E-10
