    0.0000000000E+00     0.0000000000E+00     0.0000000000E+00     3.5355339059E+01     3.5355339059E+01     5.0000000000E+01
    1.0000000000E-02     3.5282129903E-01     3.5233147574E-01     3.5209156508E+01     3.5111259267E+01     4.9724091036E+01
    2.0000000000E-02     7.0418781296E-01     7.0223120621E-01     3.5064378811E+01     3.4868985760E+01     4.9450549333E+01
    3.0000000000E-02     1.0541134940E+00     1.0497171277E+00     3.4920986770E+01     3.4628493296E+01     4.9179343885E+01
    4.0000000000E-02     1.4026121043E+00     1.3948069262E+00     3.4778961534E+01     3.4389757086E+01     4.8910444261E+01
    5.0000000000E-02     1.7496972190E+00     1.7375180423E+00     3.4638284589E+01     3.4152752783E+01     4.8643820594E+01
    6.0000000000E-02     2.0953822297E+00     2.0778676752E+00     3.4498937752E+01     3.3917456477E+01     4.8379443567E+01
    7.0000000000E-02     2.4396803481E+00     2.4158727868E+00     3.4360903163E+01     3.3683844676E+01     4.8117284403E+01
    8.0000000000E-02     2.7826046086E+00     2.7515501067E+00     3.4224163277E+01     3.3451894306E+01     4.7857314850E+01
    9.0000000000E-02     3.1241678718E+00     3.0849161354E+00     3.4088700858E+01     3.3221582697E+01     4.7599507173E+01
    1.0000000000E-01     3.4643828275E+00     3.4159871489E+00     3.3954498972E+01     3.2992887576E+01     4.7343834140E+01
    1.1000000000E-01     3.8032619975E+00     3.7447792022E+00     3.3821540980E+01     3.2765787055E+01     4.7090269012E+01
    1.2000000000E-01     4.1408177389E+00     4.0713081336E+00     3.3689810533E+01     3.2540259627E+01     4.6838785535E+01
    1.3000000000E-01     4.4770622464E+00     4.3955895679E+00     3.3559291562E+01     3.2316284156E+01     4.6589357924E+01
    1.4000000000E-01     4.8120075557E+00     4.7176389206E+00     3.3429968278E+01     3.2093839866E+01     4.6341960860E+01
    1.5000000000E-01     5.1456655458E+00     5.0374714010E+00     3.3301825158E+01     3.1872906340E+01     4.6096569475E+01
    1.6000000000E-01     5.4780479419E+00     5.3551020163E+00     3.3174846947E+01     3.1653463505E+01     4.5853159344E+01
    1.7000000000E-01     5.8091663177E+00     5.6705455743E+00     3.3049018648E+01     3.1435491630E+01     4.5611706475E+01
    1.8000000000E-01     6.1390320987E+00     5.9838166874E+00     3.2924325517E+01     3.1218971315E+01     4.5372187303E+01
    1.9000000000E-01     6.4676565636E+00     6.2949297755E+00     3.2800753058E+01     3.1003883487E+01     4.5134578677E+01
    2.0000000000E-01     6.7950508478E+00     6.6038990695E+00     3.2678287017E+01     3.0790209391E+01     4.4898857855E+01
    2.1000000000E-01     7.1212259453E+00     6.9107386142E+00     3.2556913381E+01     3.0577930585E+01     4.4665002493E+01
    2.2000000000E-01     7.4461927108E+00     7.2154622716E+00     3.2436618365E+01     3.0367028932E+01     4.4432990639E+01
    2.3000000000E-01     7.7699618628E+00     7.5180837239E+00     3.2317388415E+01     3.0157486594E+01     4.4202800721E+01
    2.4000000000E-01     8.0925439849E+00     7.8186164760E+00     3.2199210199E+01     2.9949286026E+01     4.3974411547E+01
    2.5000000000E-01     8.4139495288E+00     8.1170738594E+00     3.2082070602E+01     2.9742409972E+01     4.3747802289E+01
    2.6000000000E-01     8.7341888159E+00     8.4134690339E+00     3.1965956726E+01     2.9536841455E+01     4.3522952480E+01
    2.7000000000E-01     9.0532720400E+00     8.7078149912E+00     3.1850855881E+01     2.9332563773E+01     4.3299842007E+01
    2.8000000000E-01     9.3712092687E+00     9.0001245573E+00     3.1736755580E+01     2.9129560495E+01     4.3078451102E+01
    2.9000000000E-01     9.6880104458E+00     9.2904103952E+00     3.1623643540E+01     2.8927815456E+01     4.2858760338E+01
    3.0000000000E-01     1.0003685393E+01     9.5786850075E+00     3.1511507673E+01     2.8727312745E+01     4.2640750620E+01
    3.1000000000E-01     1.0318243813E+01     9.8649607390E+00     3.1400336086E+01     2.8528036711E+01     4.2424403177E+01
    3.2000000000E-01     1.0631695290E+01     1.0149249779E+01     3.1290117073E+01     2.8329971946E+01     4.2209699560E+01
    3.3000000000E-01     1.0944049292E+01     1.0431564165E+01     3.1180839115E+01     2.8133103290E+01     4.1996621633E+01
    3.4000000000E-01     1.1255315172E+01     1.0711915782E+01     3.1072490871E+01     2.7937415819E+01     4.1785151569E+01
    3.5000000000E-01     1.1565502171E+01     1.0990316370E+01     3.0965061183E+01     2.7742894845E+01     4.1575271839E+01
    3.6000000000E-01     1.1874619420E+01     1.1266777519E+01     3.0858539063E+01     2.7549525909E+01     4.1366965213E+01
    3.7000000000E-01     1.2182675941E+01     1.1541310680E+01     3.0752913696E+01     2.7357294777E+01     4.1160214751E+01
    3.8000000000E-01     1.2489680648E+01     1.1813927161E+01     3.0648174434E+01     2.7166187435E+01     4.0955003796E+01
    3.9000000000E-01     1.2795642349E+01     1.2084638129E+01     3.0544310794E+01     2.6976190087E+01     4.0751315972E+01
    4.0000000000E-01     1.3100569748E+01     1.2353454617E+01     3.0441312452E+01     2.6787289147E+01     4.0549135178E+01
    4.1000000000E-01     1.3404471448E+01     1.2620387522E+01     3.0339169244E+01     2.6599471239E+01     4.0348445578E+01
    4.2000000000E-01     1.3707355950E+01     1.2885447608E+01     3.0237871159E+01     2.6412723190E+01     4.0149231606E+01
    4.3000000000E-01     1.4009231656E+01     1.3148645509E+01     3.0137408339E+01     2.6227032029E+01     3.9951477951E+01
    4.4000000000E-01     1.4310106869E+01     1.3409991729E+01     3.0037771075E+01     2.6042384978E+01     3.9755169557E+01
    4.5000000000E-01     1.4609989797E+01     1.3669496647E+01     2.9938949804E+01     2.5858769454E+01     3.9560291619E+01
    4.6000000000E-01     1.4908888553E+01     1.3927170515E+01     2.9840935104E+01     2.5676173063E+01     3.9366829578E+01
    4.7000000000E-01     1.5206811157E+01     1.4183023464E+01     2.9743717695E+01     2.5494583595E+01     3.9174769113E+01
    4.8000000000E-01     1.5503765534E+01     1.4437065503E+01     2.9647288437E+01     2.5313989025E+01     3.8984096142E+01
    4.9000000000E-01     1.5799759523E+01     1.4689306522E+01     2.9551638321E+01     2.5134377502E+01     3.8794796815E+01
    5.0000000000E-01     1.6094800868E+01     1.4939756291E+01     2.9456758474E+01     2.4955737354E+01     3.8606857508E+01
    5.1000000000E-01     1.6388897231E+01     1.5188424468E+01     2.9362640150E+01     2.4778057080E+01     3.8420264825E+01
    5.2000000000E-01     1.6682056181E+01     1.5435320595E+01     2.9269274734E+01     2.4601325346E+01     3.8235005587E+01
    5.3000000000E-01     1.6974285207E+01     1.5680454100E+01     2.9176653734E+01     2.4425530987E+01     3.8051066833E+01
    5.4000000000E-01     1.7265591709E+01     1.5923834302E+01     2.9084768781E+01     2.4250662997E+01     3.7868435812E+01
    5.5000000000E-01     1.7555983008E+01     1.6165470411E+01     2.8993611628E+01     2.4076710533E+01     3.7687099986E+01
    5.6000000000E-01     1.7845466341E+01     1.6405371529E+01     2.8903174145E+01     2.3903662907E+01     3.7507047018E+01
    5.7000000000E-01     1.8134048863E+01     1.6643546651E+01     2.8813448318E+01     2.3731509584E+01     3.7328264775E+01
    5.8000000000E-01     1.8421737653E+01     1.6880004667E+01     2.8724426250E+01     2.3560240183E+01     3.7150741323E+01
    5.9000000000E-01     1.8708539708E+01     1.7114754367E+01     2.8636100151E+01     2.3389844469E+01     3.6974464920E+01
    6.0000000000E-01     1.8994461950E+01     1.7347804435E+01     2.8548462346E+01     2.3220312353E+01     3.6799424019E+01
    6.1000000000E-01     1.9279511224E+01     1.7579163459E+01     2.8461505265E+01     2.3051633892E+01     3.6625607258E+01
    6.2000000000E-01     1.9563694300E+01     1.7808839926E+01     2.8375221443E+01     2.2883799280E+01     3.6453003463E+01
    6.3000000000E-01     1.9847017873E+01     1.8036842225E+01     2.8289603523E+01     2.2716798851E+01     3.6281601639E+01
    6.4000000000E-01     2.0129488566E+01     1.8263178652E+01     2.8204644246E+01     2.2550623075E+01     3.6111390974E+01
    6.5000000000E-01     2.0411112929E+01     1.8487857404E+01     2.8120336456E+01     2.2385262554E+01     3.5942360830E+01
    6.6000000000E-01     2.0691897443E+01     1.8710886589E+01     2.8036673095E+01     2.2220708022E+01     3.5774500740E+01
    6.7000000000E-01     2.0971848516E+01     1.8932274221E+01     2.7953647200E+01     2.2056950342E+01     3.5607800412E+01
    6.8000000000E-01     2.1250972489E+01     1.9152028222E+01     2.7871251905E+01     2.1893980503E+01     3.5442249717E+01
    6.9000000000E-01     2.1529275633E+01     1.9370156427E+01     2.7789480436E+01     2.1731789618E+01     3.5277838694E+01
    7.0000000000E-01     2.1806764155E+01     1.9586666582E+01     2.7708326113E+01     2.1570368924E+01     3.5114557544E+01
    7.1000000000E-01     2.2083444191E+01     1.9801566344E+01     2.7627782343E+01     2.1409709776E+01     3.4952396626E+01
    7.2000000000E-01     2.2359321815E+01     2.0014863287E+01     2.7547842624E+01     2.1249803647E+01     3.4791346456E+01
    7.3000000000E-01     2.2634403035E+01     2.0226564899E+01     2.7468500538E+01     2.1090642127E+01     3.4631397707E+01
    7.4000000000E-01     2.2908693797E+01     2.0436678584E+01     2.7389749756E+01     2.0932216921E+01     3.4472541202E+01
    7.5000000000E-01     2.3182199981E+01     2.0645211665E+01     2.7311584030E+01     2.0774519845E+01     3.4314767915E+01
    7.6000000000E-01     2.3454927407E+01     2.0852171381E+01     2.7233997196E+01     2.0617542825E+01     3.4158068965E+01
    7.7000000000E-01     2.3726881834E+01     2.1057564895E+01     2.7156983171E+01     2.0461277895E+01     3.4002435619E+01
    7.8000000000E-01     2.3998068960E+01     2.1261399287E+01     2.7080535949E+01     2.0305717198E+01     3.3847859286E+01
    7.9000000000E-01     2.4268494423E+01     2.1463681560E+01     2.7004649607E+01     2.0150852979E+01     3.3694331514E+01
    8.0000000000E-01     2.4538163802E+01     2.1664418642E+01     2.6929318294E+01     1.9996677589E+01     3.3541843992E+01
    8.1000000000E-01     2.4807082619E+01     2.1863617383E+01     2.6854536238E+01     1.9843183477E+01     3.3390388543E+01
    8.2000000000E-01     2.5075256339E+01     2.2061284558E+01     2.6780297739E+01     1.9690363194E+01     3.3239957126E+01
    8.3000000000E-01     2.5342690367E+01     2.2257426869E+01     2.6706597172E+01     1.9538209390E+01     3.3090541831E+01
    8.4000000000E-01     2.5609390057E+01     2.2452050943E+01     2.6633428982E+01     1.9386714809E+01     3.2942134879E+01
    8.5000000000E-01     2.5875360703E+01     2.2645163338E+01     2.6560787685E+01     1.9235872291E+01     3.2794728620E+01
    8.6000000000E-01     2.6140607549E+01     2.2836770539E+01     2.6488667867E+01     1.9085674772E+01     3.2648315529E+01
    8.7000000000E-01     2.6405135781E+01     2.3026878960E+01     2.6417064182E+01     1.8936115275E+01     3.2502888206E+01
    8.8000000000E-01     2.6668950535E+01     2.3215494948E+01     2.6345971350E+01     1.8787186917E+01     3.2358439373E+01
    8.9000000000E-01     2.6932056893E+01     2.3402624780E+01     2.6275384158E+01     1.8638882904E+01     3.2214961874E+01
    9.0000000000E-01     2.7194459886E+01     2.3588274665E+01     2.6205297457E+01     1.8491196529E+01     3.2072448672E+01
    9.1000000000E-01     2.7456164494E+01     2.3772450747E+01     2.6135706162E+01     1.8344121169E+01     3.1930892847E+01
    9.2000000000E-01     2.7717175644E+01     2.3955159104E+01     2.6066605250E+01     1.8197650290E+01     3.1790287595E+01
    9.3000000000E-01     2.7977498217E+01     2.4136405746E+01     2.5997989762E+01     1.8051777438E+01     3.1650626223E+01
    9.4000000000E-01     2.8237137041E+01     2.4316196624E+01     2.5929854796E+01     1.7906496244E+01     3.1511902156E+01
    9.5000000000E-01     2.8496096898E+01     2.4494537623E+01     2.5862195512E+01     1.7761800418E+01     3.1374108925E+01
    9.6000000000E-01     2.8754382521E+01     2.4671434563E+01     2.5795007128E+01     1.7617683751E+01     3.1237240171E+01
    9.7000000000E-01     2.9011998595E+01     2.4846893208E+01     2.5728284920E+01     1.7474140111E+01     3.1101289644E+01
    9.8000000000E-01     2.9268949758E+01     2.5020919255E+01     2.5662024219E+01     1.7331163445E+01     3.0966251200E+01
    9.9000000000E-01     2.9525240602E+01     2.5193518347E+01     2.5596220413E+01     1.7188747775E+01     3.0832118797E+01
    1.0000000000E+00     2.9780875674E+01     2.5364696061E+01     2.5530868945E+01     1.7046887199E+01     3.0698886499E+01
    1.0100000000E+00     3.0035859474E+01     2.5534457921E+01     2.5465965312E+01     1.6905575887E+01     3.0566548469E+01
    1.0200000000E+00     3.0290196458E+01     2.5702809391E+01     2.5401505062E+01     1.6764808084E+01     3.0435098973E+01
    1.0300000000E+00     3.0543891038E+01     2.5869755876E+01     2.5337483799E+01     1.6624578105E+01     3.0304532374E+01
    1.0400000000E+00     3.0796947583E+01     2.6035302727E+01     2.5273897175E+01     1.6484880336E+01     3.0174843133E+01
    1.0500000000E+00     3.1049370416E+01     2.6199455238E+01     2.5210740893E+01     1.6345709232E+01     3.0046025805E+01
    1.0600000000E+00     3.1301163821E+01     2.6362218649E+01     2.5148010708E+01     1.6207059318E+01     2.9918075043E+01
    1.0700000000E+00     3.1552332037E+01     2.6523598144E+01     2.5085702420E+01     1.6068925186E+01     2.9790985592E+01
    1.0800000000E+00     3.1802879262E+01     2.6683598854E+01     2.5023811881E+01     1.5931301492E+01     2.9664752288E+01
    1.0900000000E+00     3.2052809653E+01     2.6842225857E+01     2.4962334988E+01     1.5794182962E+01     2.9539370059E+01
    1.1000000000E+00     3.2302127327E+01     2.6999484180E+01     2.4901267685E+01     1.5657564382E+01     2.9414833923E+01
    1.1100000000E+00     3.2550836359E+01     2.7155378794E+01     2.4840605962E+01     1.5521440605E+01     2.9291138985E+01
    1.1200000000E+00     3.2798940785E+01     2.7309914624E+01     2.4780345855E+01     1.5385806545E+01     2.9168280438E+01
    1.1300000000E+00     3.3046444602E+01     2.7463096541E+01     2.4720483442E+01     1.5250657179E+01     2.9046253562E+01
    1.1400000000E+00     3.3293351767E+01     2.7614929367E+01     2.4661014848E+01     1.5115987543E+01     2.8925053720E+01
    1.1500000000E+00     3.3539666199E+01     2.7765417875E+01     2.4601936237E+01     1.4981792735E+01     2.8804676359E+01
    1.1600000000E+00     3.3785391779E+01     2.7914566788E+01     2.4543243819E+01     1.4848067911E+01     2.8685117009E+01
    1.1700000000E+00     3.4030532350E+01     2.8062380783E+01     2.4484933843E+01     1.4714808288E+01     2.8566371282E+01
    1.1800000000E+00     3.4275091718E+01     2.8208864489E+01     2.4427002601E+01     1.4582009136E+01     2.8448434869E+01
    1.1900000000E+00     3.4519073652E+01     2.8354022485E+01     2.4369446424E+01     1.4449665786E+01     2.8331303541E+01
    1.2000000000E+00     3.4762481884E+01     2.8497859308E+01     2.4312261683E+01     1.4317773623E+01     2.8214973146E+01
    1.2100000000E+00     3.5005320112E+01     2.8640379447E+01     2.4255444788E+01     1.4186328087E+01     2.8099439611E+01
    1.2200000000E+00     3.5247591995E+01     2.8781587344E+01     2.4198992188E+01     1.4055324674E+01     2.7984698938E+01
    1.2300000000E+00     3.5489301158E+01     2.8921487399E+01     2.4142900370E+01     1.3924758933E+01     2.7870747202E+01
    1.2400000000E+00     3.5730451193E+01     2.9060083967E+01     2.4087165857E+01     1.3794626465E+01     2.7757580556E+01
    1.2500000000E+00     3.5971045655E+01     2.9197381358E+01     2.4031785210E+01     1.3664922925E+01     2.7645195223E+01
    1.2600000000E+00     3.6211088065E+01     2.9333383841E+01     2.3976755026E+01     1.3535644019E+01     2.7533587499E+01
    1.2700000000E+00     3.6450581912E+01     2.9468095640E+01     2.3922071936E+01     1.3406785502E+01     2.7422753750E+01
    1.2800000000E+00     3.6689530650E+01     2.9601520938E+01     2.3867732609E+01     1.3278343184E+01     2.7312690413E+01
    1.2900000000E+00     3.6927937699E+01     2.9733663877E+01     2.3813733746E+01     1.3150312919E+01     2.7203393994E+01
    1.3000000000E+00     3.7165806449E+01     2.9864528556E+01     2.3760072083E+01     1.3022690613E+01     2.7094861066E+01
    1.3100000000E+00     3.7403140254E+01     2.9994119036E+01     2.3706744389E+01     1.2895472221E+01     2.6987088271E+01
    1.3200000000E+00     3.7639942439E+01     3.0122439334E+01     2.3653747467E+01     1.2768653744E+01     2.6880072315E+01
    1.3300000000E+00     3.7876216296E+01     3.0249493430E+01     2.3601078150E+01     1.2642231231E+01     2.6773809971E+01
    1.3400000000E+00     3.8111965084E+01     3.0375285265E+01     2.3548733307E+01     1.2516200776E+01     2.6668298075E+01
    1.3500000000E+00     3.8347192033E+01     3.0499818740E+01     2.3496709834E+01     1.2390558521E+01     2.6563533528E+01
    1.3600000000E+00     3.8581900341E+01     3.0623097717E+01     2.3445004661E+01     1.2265300652E+01     2.6459513292E+01
    1.3700000000E+00     3.8816093177E+01     3.0745126022E+01     2.3393614747E+01     1.2140423401E+01     2.6356234391E+01
    1.3800000000E+00     3.9049773677E+01     3.0865907441E+01     2.3342537082E+01     1.2015923042E+01     2.6253693911E+01
    1.3900000000E+00     3.9282944950E+01     3.0985445726E+01     2.3291768686E+01     1.1891795894E+01     2.6151888997E+01
    1.4000000000E+00     3.9515610072E+01     3.1103744591E+01     2.3241306606E+01     1.1768038319E+01     2.6050816852E+01
    1.4100000000E+00     3.9747772093E+01     3.1220807713E+01     2.3191147921E+01     1.1644646723E+01     2.5950474739E+01
    1.4200000000E+00     3.9979434032E+01     3.1336638734E+01     2.3141289734E+01     1.1521617551E+01     2.5850859977E+01
    1.4300000000E+00     4.0210598880E+01     3.1451241260E+01     2.3091729180E+01     1.1398947292E+01     2.5751969942E+01
    1.4400000000E+00     4.0441269598E+01     3.1564618864E+01     2.3042463420E+01     1.1276632475E+01     2.5653802066E+01
    1.4500000000E+00     4.0671449121E+01     3.1676775083E+01     2.2993489641E+01     1.1154669670E+01     2.5556353835E+01
    1.4600000000E+00     4.0901140355E+01     3.1787713420E+01     2.2944805058E+01     1.1033055487E+01     2.5459622788E+01
    1.4700000000E+00     4.1130346177E+01     3.1897437344E+01     2.2896406912E+01     1.0911786575E+01     2.5363606520E+01
    1.4800000000E+00     4.1359069439E+01     3.2005950291E+01     2.2848292469E+01     1.0790859623E+01     2.5268302676E+01
    1.4900000000E+00     4.1587312963E+01     3.2113255665E+01     2.2800459021E+01     1.0670271359E+01     2.5173708953E+01
    1.5000000000E+00     4.1815079547E+01     3.2219356836E+01     2.2752903886E+01     1.0550018548E+01     2.5079823098E+01
    1.5100000000E+00     4.2042371960E+01     3.2324257144E+01     2.2705624406E+01     1.0430097994E+01     2.4986642908E+01
    1.5200000000E+00     4.2269192945E+01     3.2427959893E+01     2.2658617947E+01     1.0310506538E+01     2.4894166231E+01
    1.5300000000E+00     4.2495545220E+01     3.2530468361E+01     2.2611881900E+01     1.0191241057E+01     2.4802390960E+01
    1.5400000000E+00     4.2721431476E+01     3.2631785791E+01     2.2565413679E+01     1.0072298467E+01     2.4711315038E+01
    1.5500000000E+00     4.2946854378E+01     3.2731915396E+01     2.2519210721E+01     9.9536757171E+00     2.4620936452E+01
    1.5600000000E+00     4.3171816566E+01     3.2830860361E+01     2.2473270487E+01     9.8353697948E+00     2.4531253237E+01
    1.5700000000E+00     4.3396320655E+01     3.2928623838E+01     2.2427590461E+01     9.7173777215E+00     2.4442263473E+01
    1.5800000000E+00     4.3620369235E+01     3.3025208952E+01     2.2382168148E+01     9.5996965542E+00     2.4353965281E+01
    1.5900000000E+00     4.3843964869E+01     3.3120618796E+01     2.2337001075E+01     9.4823233842E+00     2.4266356830E+01
    1.6000000000E+00     4.4067110099E+01     3.3214856437E+01     2.2292086792E+01     9.3652553372E+00     2.4179436327E+01
    1.6100000000E+00     4.4289807439E+01     3.3307924910E+01     2.2247422871E+01     9.2484895729E+00     2.4093202024E+01
    1.6200000000E+00     4.4512059383E+01     3.3399827226E+01     2.2203006902E+01     9.1320232844E+00     2.4007652212E+01
    1.6300000000E+00     4.4733868396E+01     3.3490566365E+01     2.2158836499E+01     9.0158536980E+00     2.3922785224E+01
    1.6400000000E+00     4.4955236923E+01     3.3580145280E+01     2.2114909295E+01     8.8999780730E+00     2.3838599431E+01
    1.6500000000E+00     4.5176167385E+01     3.3668566897E+01     2.2071222943E+01     8.7843937010E+00     2.3755093241E+01
    1.6600000000E+00     4.5396662177E+01     3.3755834116E+01     2.2027775118E+01     8.6690979059E+00     2.3672265104E+01
    1.6700000000E+00     4.5616723674E+01     3.3841949809E+01     2.1984563512E+01     8.5540880435E+00     2.3590113503E+01
    1.6800000000E+00     4.5836354227E+01     3.3926916821E+01     2.1941585839E+01     8.4393615011E+00     2.3508636959E+01
    1.6900000000E+00     4.6055556163E+01     3.4010737975E+01     2.1898839829E+01     8.3249156973E+00     2.3427834028E+01
    1.7000000000E+00     4.6274331788E+01     3.4093416063E+01     2.1856323234E+01     8.2107480815E+00     2.3347703300E+01
    1.7100000000E+00     4.6492683385E+01     3.4174953855E+01     2.1814033824E+01     8.0968561339E+00     2.3268243400E+01
    1.7200000000E+00     4.6710613215E+01     3.4255354096E+01     2.1771969385E+01     7.9832373648E+00     2.3189452984E+01
    1.7300000000E+00     4.6928123516E+01     3.4334619505E+01     2.1730127724E+01     7.8698893150E+00     2.3111330743E+01
    1.7400000000E+00     4.7145216505E+01     3.4412752777E+01     2.1688506664E+01     7.7568095545E+00     2.3033875397E+01
    1.7500000000E+00     4.7361894377E+01     3.4489756582E+01     2.1647104048E+01     7.6439956832E+00     2.2957085696E+01
    1.7600000000E+00     4.7578159307E+01     3.4565633569E+01     2.1605917733E+01     7.5314453301E+00     2.2880960423E+01
    1.7700000000E+00     4.7794013446E+01     3.4640386359E+01     2.1564945597E+01     7.4191561530E+00     2.2805498386E+01
    1.7800000000E+00     4.8009458925E+01     3.4714017554E+01     2.1524185532E+01     7.3071258386E+00     2.2730698424E+01
    1.7900000000E+00     4.8224497856E+01     3.4786529731E+01     2.1483635447E+01     7.1953521020E+00     2.2656559401E+01
    1.8000000000E+00     4.8439132327E+01     3.4857925444E+01     2.1443293270E+01     7.0838326862E+00     2.2583080211E+01
    1.8100000000E+00     4.8653364408E+01     3.4928207225E+01     2.1403156943E+01     6.9725653626E+00     2.2510259769E+01
    1.8200000000E+00     4.8867196146E+01     3.4997377584E+01     2.1363224425E+01     6.8615479297E+00     2.2438097019E+01
    1.8300000000E+00     4.9080629569E+01     3.5065439010E+01     2.1323493690E+01     6.7507782140E+00     2.2366590926E+01
    1.8400000000E+00     4.9293666685E+01     3.5132393967E+01     2.1283962730E+01     6.6402540688E+00     2.2295740481E+01
    1.8500000000E+00     4.9506309483E+01     3.5198244903E+01     2.1244629549E+01     6.5299733746E+00     2.2225544694E+01
    1.8600000000E+00     4.9718559929E+01     3.5262994239E+01     2.1205492168E+01     6.4199340384E+00     2.2156002599E+01
    1.8700000000E+00     4.9930419972E+01     3.5326644381E+01     2.1166548626E+01     6.3101339940E+00     2.2087113251E+01
    1.8800000000E+00     5.0141891541E+01     3.5389197710E+01     2.1127796972E+01     6.2005712012E+00     2.2018875723E+01
    1.8900000000E+00     5.0352976545E+01     3.5450656589E+01     2.1089235273E+01     6.0912436462E+00     2.1951289109E+01
    1.9000000000E+00     5.0563676873E+01     3.5511023360E+01     2.1050861609E+01     5.9821493408E+00     2.1884352520E+01
    1.9100000000E+00     5.0773994398E+01     3.5570300347E+01     2.1012674076E+01     5.8732863226E+00     2.1818065085E+01
    1.9200000000E+00     5.0983930969E+01     3.5628489851E+01     2.0974670783E+01     5.7646526546E+00     2.1752425950E+01
    1.9300000000E+00     5.1193488421E+01     3.5685594158E+01     2.0936849853E+01     5.6562464250E+00     2.1687434274E+01
    1.9400000000E+00     5.1402668568E+01     3.5741615532E+01     2.0899209424E+01     5.5480657471E+00     2.1623089236E+01
    1.9500000000E+00     5.1611473205E+01     3.5796556219E+01     2.0861747647E+01     5.4401087590E+00     2.1559390024E+01
    1.9600000000E+00     5.1819904110E+01     3.5850418446E+01     2.0824462686E+01     5.3323736237E+00     2.1496335842E+01
    1.9700000000E+00     5.2027963042E+01     3.5903204425E+01     2.0787352720E+01     5.2248585284E+00     2.1433925906E+01
    1.9800000000E+00     5.2235651742E+01     3.5954916345E+01     2.0750415940E+01     5.1175616846E+00     2.1372159444E+01
    1.9900000000E+00     5.2442971932E+01     3.6005556380E+01     2.0713650551E+01     5.0104813280E+00     2.1311035692E+01
    2.0000000000E+00     5.2649925318E+01     3.6055126687E+01     2.0677054770E+01     4.9036157183E+00     2.1250553900E+01
    2.0100000000E+00     5.2856513587E+01     3.6103629404E+01     2.0640626827E+01     4.7969631388E+00     2.1190713324E+01
    2.0200000000E+00     5.3062738408E+01     3.6151066654E+01     2.0604364967E+01     4.6905218964E+00     2.1131513229E+01
    2.0300000000E+00     5.3268601434E+01     3.6197440541E+01     2.0568267444E+01     4.5842903215E+00     2.1072952888E+01
    2.0400000000E+00     5.3474104299E+01     3.6242753154E+01     2.0532332528E+01     4.4782667675E+00     2.1015031579E+01
    2.0500000000E+00     5.3679248621E+01     3.6287006565E+01     2.0496558498E+01     4.3724496111E+00     2.0957748588E+01
    2.0600000000E+00     5.3884036000E+01     3.6330202829E+01     2.0460943648E+01     4.2668372519E+00     2.0901103203E+01
    2.0700000000E+00     5.4088468019E+01     3.6372343987E+01     2.0425486282E+01     4.1614281120E+00     2.0845094718E+01
    2.0800000000E+00     5.4292546245E+01     3.6413432063E+01     2.0390184718E+01     4.0562206363E+00     2.0789722430E+01
    2.0900000000E+00     5.4496272227E+01     3.6453469067E+01     2.0355037285E+01     3.9512132920E+00     2.0734985636E+01
    2.1000000000E+00     5.4699647499E+01     3.6492456991E+01     2.0320042322E+01     3.8464045686E+00     2.0680883638E+01
    2.1100000000E+00     5.4902673576E+01     3.6530397815E+01     2.0285198182E+01     3.7417929778E+00     2.0627415737E+01
    2.1200000000E+00     5.5105351960E+01     3.6567293503E+01     2.0250503230E+01     3.6373770531E+00     2.0574581232E+01
    2.1300000000E+00     5.5307684133E+01     3.6603146004E+01     2.0215955839E+01     3.5331553498E+00     2.0522379424E+01
    2.1400000000E+00     5.5509671563E+01     3.6637957253E+01     2.0181554397E+01     3.4291264451E+00     2.0470809610E+01
    2.1500000000E+00     5.5711315702E+01     3.6671729171E+01     2.0147297302E+01     3.3252889375E+00     2.0419871084E+01
    2.1600000000E+00     5.5912617985E+01     3.6704463665E+01     2.0113182963E+01     3.2216414468E+00     2.0369563140E+01
    2.1700000000E+00     5.6113579832E+01     3.6736162628E+01     2.0079209798E+01     3.1181826143E+00     2.0319885062E+01
    2.1800000000E+00     5.6314202646E+01     3.6766827941E+01     2.0045376241E+01     3.0149111022E+00     2.0270836134E+01
    2.1900000000E+00     5.6514487817E+01     3.6796461470E+01     2.0011680731E+01     2.9118255936E+00     2.0222415632E+01
    2.2000000000E+00     5.6714436716E+01     3.6825065069E+01     1.9978121723E+01     2.8089247925E+00     2.0174622823E+01
    2.2100000000E+00     5.6914050701E+01     3.6852640578E+01     1.9944697679E+01     2.7062074235E+00     2.0127456971E+01
    2.2200000000E+00     5.7113331114E+01     3.6879189825E+01     1.9911407073E+01     2.6036722320E+00     2.0080917328E+01
    2.2300000000E+00     5.7312279282E+01     3.6904714626E+01     1.9878248390E+01     2.5013179833E+00     2.0035003138E+01
    2.2400000000E+00     5.7510896517E+01     3.6929216783E+01     1.9845220125E+01     2.3991434634E+00     1.9989713634E+01
    2.2500000000E+00     5.7709184114E+01     3.6952698090E+01     1.9812320784E+01     2.2971474782E+00     1.9945048042E+01
    2.2600000000E+00     5.7907143357E+01     3.6975160324E+01     1.9779548881E+01     2.1953288538E+00     1.9901005571E+01
    2.2700000000E+00     5.8104775512E+01     3.6996605254E+01     1.9746902944E+01     2.0936864359E+00     1.9857585421E+01
    2.2800000000E+00     5.8302081831E+01     3.7017034637E+01     1.9714381508E+01     1.9922190902E+00     1.9814786780E+01
    2.2900000000E+00     5.8499063552E+01     3.7036450216E+01     1.9681983119E+01     1.8909257019E+00     1.9772608819E+01
    2.3000000000E+00     5.8695721899E+01     3.7054853727E+01     1.9649706335E+01     1.7898051757E+00     1.9731050698E+01
    2.3100000000E+00     5.8892058080E+01     3.7072246892E+01     1.9617549722E+01     1.6888564356E+00     1.9690111558E+01
    2.3200000000E+00     5.9088073289E+01     3.7088631425E+01     1.9585511856E+01     1.5880784248E+00     1.9649790526E+01
    2.3300000000E+00     5.9283768708E+01     3.7104009026E+01     1.9553591323E+01     1.4874701059E+00     1.9610086714E+01
    2.3400000000E+00     5.9479145502E+01     3.7118381389E+01     1.9521786719E+01     1.3870304602E+00     1.9570999214E+01
    2.3500000000E+00     5.9674204824E+01     3.7131750194E+01     1.9490096652E+01     1.2867584879E+00     1.9532527100E+01
    2.3600000000E+00     5.9868947812E+01     3.7144117114E+01     1.9458519736E+01     1.1866532080E+00     1.9494669429E+01
    2.3700000000E+00     6.0063375591E+01     3.7155483811E+01     1.9427054596E+01     1.0867136580E+00     1.9457425237E+01
    2.3800000000E+00     6.0257489272E+01     3.7165851937E+01     1.9395699869E+01     9.8693889412E-01     1.9420793541E+01
    2.3900000000E+00     6.0451289952E+01     3.7175223135E+01     1.9364454198E+01     8.8732799066E-01     1.9384773338E+01
    2.4000000000E+00     6.0644778715E+01     3.7183599040E+01     1.9333316238E+01     7.8788004035E-01     1.9349363600E+01
    2.4100000000E+00     6.0837956631E+01     3.7190981276E+01     1.9302284653E+01     6.8859415397E-01     1.9314563281E+01
    2.4200000000E+00     6.1030824758E+01     3.7197371460E+01     1.9271358117E+01     5.8946946033E-01     1.9280371311E+01
    2.4300000000E+00     6.1223384140E+01     3.7202771200E+01     1.9240535311E+01     4.9050510609E-01     1.9246786597E+01
    2.4400000000E+00     6.1415635806E+01     3.7207182094E+01     1.9209814928E+01     3.9170025568E-01     1.9213808021E+01
    2.4500000000E+00     6.1607580775E+01     3.7210605734E+01     1.9179195670E+01     2.9305409116E-01     1.9181434442E+01
    2.4600000000E+00     6.1799220052E+01     3.7213043702E+01     1.9148676248E+01     1.9456581210E-01     1.9149664694E+01
    2.4700000000E+00     6.1990554629E+01     3.7214497574E+01     1.9118255382E+01     9.6234635454E-02     1.9118497586E+01
    2.4800000000E+00     6.2181585484E+01     3.7214968916E+01     1.9087931801E+01    -1.9402045467E-03     1.9087931900E+01
    2.4900000000E+00     6.2372313585E+01     3.7214459288E+01     1.9057704245E+01    -9.9959456528E-02     1.9057966391E+01
    2.5000000000E+00     6.2562739885E+01     3.7212970243E+01     1.9027571461E+01    -1.9782385209E-01     1.9028599790E+01
    2.5100000000E+00     6.2752865326E+01     3.7210503325E+01     1.8997532207E+01    -2.9553410594E-01     1.8999830798E+01
    2.5200000000E+00     6.2942690837E+01     3.7207060072E+01     1.8967585250E+01    -3.9309091599E-01     1.8971658090E+01
    2.5300000000E+00     6.3132217334E+01     3.7202642016E+01     1.8937729364E+01    -4.9049496351E-01     1.8944080309E+01
    2.5400000000E+00     6.3321445723E+01     3.7197250680E+01     1.8907963335E+01    -5.8774691322E-01     1.8917096075E+01
    2.5500000000E+00     6.3510376897E+01     3.7190887582E+01     1.8878285957E+01    -6.8484741344E-01     1.8890703974E+01
    2.5600000000E+00     6.3699011734E+01     3.7183554234E+01     1.8848696033E+01    -7.8179709620E-01     1.8864902566E+01
    2.5700000000E+00     6.3887351105E+01     3.7175252141E+01     1.8819192374E+01    -8.7859657736E-01     1.8839690378E+01
    2.5800000000E+00     6.4075395865E+01     3.7165982802E+01     1.8789773803E+01    -9.7524645675E-01     1.8815065910E+01
    2.5900000000E+00     6.4263146860E+01     3.7155747709E+01     1.8760439149E+01    -1.0717473183E+00     1.8791027629E+01
    2.6000000000E+00     6.4450604924E+01     3.7144548350E+01     1.8731187251E+01    -1.1680997300E+00     1.8767573973E+01
    2.6100000000E+00     6.4637770878E+01     3.7132386207E+01     1.8702016959E+01    -1.2643042445E+00     1.8744703347E+01
    2.6200000000E+00     6.4824645531E+01     3.7119262756E+01     1.8672927129E+01    -1.3603613986E+00     1.8722414126E+01
    2.6300000000E+00     6.5011229685E+01     3.7105179469E+01     1.8643916628E+01    -1.4562717138E+00     1.8700704653E+01
    2.6400000000E+00     6.5197524125E+01     3.7090137810E+01     1.8614984330E+01    -1.5520356963E+00     1.8679573240E+01
    2.6500000000E+00     6.5383529628E+01     3.7074139241E+01     1.8586129121E+01    -1.6476538372E+00     1.8659018165E+01
    2.6600000000E+00     6.5569246960E+01     3.7057185218E+01     1.8557349894E+01    -1.7431266124E+00     1.8639037675E+01
    2.6700000000E+00     6.5754676876E+01     3.7039277192E+01     1.8528645550E+01    -1.8384544832E+00     1.8619629986E+01
    2.6800000000E+00     6.5939820117E+01     3.7020416610E+01     1.8500015001E+01    -1.9336378958E+00     1.8600793277E+01
    2.6900000000E+00     6.6124677418E+01     3.7000604914E+01     1.8471457167E+01    -2.0286772819E+00     1.8582525700E+01
    2.7000000000E+00     6.6309249499E+01     3.6979843543E+01     1.8442970977E+01    -2.1235730587E+00     1.8564825370E+01
    2.7100000000E+00     6.6493537073E+01     3.6958133930E+01     1.8414555369E+01    -2.2183256290E+00     1.8547690370E+01
    2.7200000000E+00     6.6677540839E+01     3.6935477506E+01     1.8386209290E+01    -2.3129353814E+00     1.8531118750E+01
    2.7300000000E+00     6.6861261487E+01     3.6911875697E+01     1.8357931696E+01    -2.4074026901E+00     1.8515108529E+01
    2.7400000000E+00     6.7044699697E+01     3.6887329926E+01     1.8329721550E+01    -2.5017279158E+00     1.8499657691E+01
    2.7500000000E+00     6.7227856139E+01     3.6861841611E+01     1.8301577828E+01    -2.5959114049E+00     1.8484764186E+01
    2.7600000000E+00     6.7410731472E+01     3.6835412169E+01     1.8273499510E+01    -2.6899534902E+00     1.8470425932E+01
    2.7700000000E+00     6.7593326344E+01     3.6808043012E+01     1.8245485589E+01    -2.7838544911E+00     1.8456640816E+01
    2.7800000000E+00     6.7775641395E+01     3.6779735549E+01     1.8217535064E+01    -2.8776147133E+00     1.8443406688E+01
    2.7900000000E+00     6.7957677253E+01     3.6750491186E+01     1.8189646945E+01    -2.9712344493E+00     1.8430721368E+01
    2.8000000000E+00     6.8139434539E+01     3.6720311327E+01     1.8161820250E+01    -3.0647139784E+00     1.8418582642E+01
    2.8100000000E+00     6.8320913860E+01     3.6689197373E+01     1.8134054004E+01    -3.1580535669E+00     1.8406988264E+01
    2.8200000000E+00     6.8502115817E+01     3.6657150721E+01     1.8106347245E+01    -3.2512534680E+00     1.8395935955E+01
    2.8300000000E+00     6.8683041000E+01     3.6624172768E+01     1.8078699015E+01    -3.3443139224E+00     1.8385423403E+01
    2.8400000000E+00     6.8863689989E+01     3.6590264907E+01     1.8051108370E+01    -3.4372351579E+00     1.8375448264E+01
    2.8500000000E+00     6.9044063356E+01     3.6555428528E+01     1.8023574369E+01    -3.5300173900E+00     1.8366008162E+01
    2.8600000000E+00     6.9224161662E+01     3.6519665022E+01     1.7996096086E+01    -3.6226608218E+00     1.8357100690E+01
    2.8700000000E+00     6.9403985461E+01     3.6482975774E+01     1.7968672598E+01    -3.7151656442E+00     1.8348723408E+01
    2.8800000000E+00     6.9583535294E+01     3.6445362170E+01     1.7941302996E+01    -3.8075320358E+00     1.8340873845E+01
    2.8900000000E+00     6.9762811697E+01     3.6406825594E+01     1.7913986375E+01    -3.8997601636E+00     1.8333549498E+01
    2.9000000000E+00     6.9941815195E+01     3.6367367427E+01     1.7886721844E+01    -3.9918501826E+00     1.8326747834E+01
    2.9100000000E+00     7.0120546305E+01     3.6326989050E+01     1.7859508515E+01    -4.0838022362E+00     1.8320466290E+01
    2.9200000000E+00     7.0299005533E+01     3.6285691842E+01     1.7832345513E+01    -4.1756164563E+00     1.8314702272E+01
    2.9300000000E+00     7.0477193380E+01     3.6243477180E+01     1.7805231972E+01    -4.2672929634E+00     1.8309453154E+01
    2.9400000000E+00     7.0655110335E+01     3.6200346441E+01     1.7778167031E+01    -4.3588318669E+00     1.8304716283E+01
    2.9500000000E+00     7.0832756880E+01     3.6156301001E+01     1.7751149841E+01    -4.4502332648E+00     1.8300488977E+01
    2.9600000000E+00     7.1010133488E+01     3.6111342234E+01     1.7724179561E+01    -4.5414972446E+00     1.8296768522E+01
    2.9700000000E+00     7.1187240624E+01     3.6065471514E+01     1.7697255359E+01    -4.6326238826E+00     1.8293552177E+01
    2.9800000000E+00     7.1364078746E+01     3.6018690214E+01     1.7670376410E+01    -4.7236132448E+00     1.8290837175E+01
    2.9900000000E+00     7.1540648301E+01     3.5970999707E+01     1.7643541900E+01    -4.8144653865E+00     1.8288620717E+01
    3.0000000000E+00     7.1716949729E+01     3.5922401364E+01     1.7616751023E+01    -4.9051803526E+00     1.8286899981E+01
    3.0100000000E+00     7.1892983464E+01     3.5872896557E+01     1.7590002981E+01    -4.9957581779E+00     1.8285672114E+01
    3.0200000000E+00     7.2068749929E+01     3.5822486657E+01     1.7563296986E+01    -5.0861988872E+00     1.8284934239E+01
    3.0300000000E+00     7.2244249541E+01     3.5771173036E+01     1.7536632257E+01    -5.1765024952E+00     1.8284683454E+01
    3.0400000000E+00     7.2419482709E+01     3.5718957064E+01     1.7510008023E+01    -5.2666690069E+00     1.8284916827E+01
    3.0500000000E+00     7.2594449834E+01     3.5665840113E+01     1.7483423521E+01    -5.3566984177E+00     1.8285631407E+01
    3.0600000000E+00     7.2769151309E+01     3.5611823553E+01     1.7456877997E+01    -5.4465907135E+00     1.8286824213E+01
    3.0700000000E+00     7.2943587521E+01     3.5556908756E+01     1.7430370705E+01    -5.5363458710E+00     1.8288492243E+01
    3.0800000000E+00     7.3117758849E+01     3.5501097093E+01     1.7403900910E+01    -5.6259638574E+00     1.8290632471E+01
    3.0900000000E+00     7.3291665662E+01     3.5444389936E+01     1.7377467882E+01    -5.7154446312E+00     1.8293241848E+01
    3.1000000000E+00     7.3465308326E+01     3.5386788658E+01     1.7351070902E+01    -5.8047881417E+00     1.8296317302E+01
    3.1100000000E+00     7.3638687198E+01     3.5328294631E+01     1.7324709259E+01    -5.8939943298E+00     1.8299855739E+01
    3.1200000000E+00     7.3811802627E+01     3.5268909229E+01     1.7298382250E+01    -5.9830631275E+00     1.8303854044E+01
    3.1300000000E+00     7.3984654956E+01     3.5208633827E+01     1.7272089182E+01    -6.0719944585E+00     1.8308309081E+01
    3.1400000000E+00     7.4157244521E+01     3.5147469798E+01     1.7245829369E+01    -6.1607882383E+00     1.8313217695E+01
    3.1500000000E+00     7.4329571652E+01     3.5085418521E+01     1.7219602134E+01    -6.2494443739E+00     1.8318576709E+01
    3.1600000000E+00     7.4501636671E+01     3.5022481370E+01     1.7193406810E+01    -6.3379627646E+00     1.8324382929E+01
    3.1700000000E+00     7.4673439893E+01     3.4958659725E+01     1.7167242735E+01    -6.4263433018E+00     1.8330633141E+01
    3.1800000000E+00     7.4844981627E+01     3.4893954964E+01     1.7141109259E+01    -6.5145858691E+00     1.8337324114E+01
    3.1900000000E+00     7.5016262178E+01     3.4828368468E+01     1.7115005738E+01    -6.6026903426E+00     1.8344452600E+01
    3.2000000000E+00     7.5187281840E+01     3.4761901618E+01     1.7088931538E+01    -6.6906565908E+00     1.8352015332E+01
    3.2100000000E+00     7.5358040904E+01     3.4694555797E+01     1.7062886033E+01    -6.7784844753E+00     1.8360009030E+01
    3.2200000000E+00     7.5528539654E+01     3.4626332390E+01     1.7036868605E+01    -6.8661738502E+00     1.8368430396E+01
    3.2300000000E+00     7.5698778368E+01     3.4557232782E+01     1.7010878644E+01    -6.9537245627E+00     1.8377276119E+01
    3.2400000000E+00     7.5868757316E+01     3.4487258362E+01     1.6984915549E+01    -7.0411364533E+00     1.8386542872E+01
    3.2500000000E+00     7.6038476766E+01     3.4416410517E+01     1.6958978728E+01    -7.1284093558E+00     1.8396227315E+01
    3.2600000000E+00     7.6207936977E+01     3.4344690638E+01     1.6933067595E+01    -7.2155430973E+00     1.8406326096E+01
    3.2700000000E+00     7.6377138202E+01     3.4272100119E+01     1.6907181574E+01    -7.3025374985E+00     1.8416835849E+01
    3.2800000000E+00     7.6546080690E+01     3.4198640353E+01     1.6881320096E+01    -7.3893923741E+00     1.8427753196E+01
    3.2900000000E+00     7.6714764684E+01     3.4124312737E+01     1.6855482603E+01    -7.4761075323E+00     1.8439074750E+01
    3.3000000000E+00     7.6883190420E+01     3.4049118669E+01     1.6829668542E+01    -7.5626827756E+00     1.8450797110E+01
    3.3100000000E+00     7.7051358131E+01     3.3973059549E+01     1.6803877369E+01    -7.6491179006E+00     1.8462916868E+01
    3.3200000000E+00     7.7219268042E+01     3.3896136779E+01     1.6778108548E+01    -7.7354126982E+00     1.8475430606E+01
    3.3300000000E+00     7.7386920374E+01     3.3818351763E+01     1.6752361552E+01    -7.8215669537E+00     1.8488334895E+01
    3.3400000000E+00     7.7554315344E+01     3.3739705909E+01     1.6726635862E+01    -7.9075804470E+00     1.8501626301E+01
    3.3500000000E+00     7.7721453161E+01     3.3660200624E+01     1.6700930965E+01    -7.9934529529E+00     1.8515301381E+01
    3.3600000000E+00     7.7888334031E+01     3.3579837321E+01     1.6675246359E+01    -8.0791842408E+00     1.8529356684E+01
    3.3700000000E+00     7.8054958154E+01     3.3498617411E+01     1.6649581546E+01    -8.1647740752E+00     1.8543788754E+01
    3.3800000000E+00     7.8221325726E+01     3.3416542311E+01     1.6623936041E+01    -8.2502222160E+00     1.8558594130E+01
    3.3900000000E+00     7.8387436938E+01     3.3333613440E+01     1.6598309362E+01    -8.3355284180E+00     1.8573769345E+01
    3.4000000000E+00     7.8553291975E+01     3.3249832217E+01     1.6572701037E+01    -8.4206924316E+00     1.8589310926E+01
    3.4100000000E+00     7.8718891018E+01     3.3165200066E+01     1.6547110602E+01    -8.5057140027E+00     1.8605215397E+01
    3.4200000000E+00     7.8884234245E+01     3.3079718413E+01     1.6521537601E+01    -8.5905928731E+00     1.8621479281E+01
    3.4300000000E+00     7.9049321827E+01     3.2993388685E+01     1.6495981585E+01    -8.6753287800E+00     1.8638099095E+01
    3.4400000000E+00     7.9214153932E+01     3.2906212315E+01     1.6470442112E+01    -8.7599214571E+00     1.8655071356E+01
    3.4500000000E+00     7.9378730723E+01     3.2818190734E+01     1.6444918748E+01    -8.8443706336E+00     1.8672392577E+01
    3.4600000000E+00     7.9543052359E+01     3.2729325381E+01     1.6419411069E+01    -8.9286760355E+00     1.8690059272E+01
    3.4700000000E+00     7.9707118995E+01     3.2639617694E+01     1.6393918654E+01    -9.0128373847E+00     1.8708067954E+01
    3.4800000000E+00     7.9870930781E+01     3.2549069115E+01     1.6368441094E+01    -9.0968543998E+00     1.8726415135E+01
    3.4900000000E+00     8.0034487865E+01     3.2457681088E+01     1.6342977985E+01    -9.1807267959E+00     1.8745097330E+01
    3.5000000000E+00     8.0197790388E+01     3.2365455062E+01     1.6317528930E+01    -9.2644542850E+00     1.8764111052E+01
    3.5100000000E+00     8.0360838489E+01     3.2272392486E+01     1.6292093541E+01    -9.3480365758E+00     1.8783452819E+01
    3.5200000000E+00     8.0523632303E+01     3.2178494815E+01     1.6266671438E+01    -9.4314733741E+00     1.8803119147E+01
    3.5300000000E+00     8.0686171961E+01     3.2083763505E+01     1.6241262244E+01    -9.5147643828E+00     1.8823106559E+01
    3.5400000000E+00     8.0848457590E+01     3.1988200014E+01     1.6215865595E+01    -9.5979093019E+00     1.8843411579E+01
    3.5500000000E+00     8.1010489313E+01     3.1891805807E+01     1.6190481129E+01    -9.6809078289E+00     1.8864030736E+01
    3.5600000000E+00     8.1172267252E+01     3.1794582347E+01     1.6165108496E+01    -9.7637596588E+00     1.8884960560E+01
    3.5700000000E+00     8.1333791522E+01     3.1696531103E+01     1.6139747349E+01    -9.8464644842E+00     1.8906197590E+01
    3.5800000000E+00     8.1495062236E+01     3.1597653548E+01     1.6114397350E+01    -9.9290219953E+00     1.8927738368E+01
    3.5900000000E+00     8.1656079505E+01     3.1497951156E+01     1.6089058168E+01    -1.0011431880E+01     1.8949579442E+01
    3.6000000000E+00     8.1816843434E+01     3.1397425404E+01     1.6063729478E+01    -1.0093693825E+01     1.8971717365E+01
    3.6100000000E+00     8.1977354128E+01     3.1296077773E+01     1.6038410964E+01    -1.0175807514E+01     1.8994148700E+01
    3.6200000000E+00     8.2137611686E+01     3.1193909749E+01     1.6013102315E+01    -1.0257772630E+01     1.9016870012E+01
    3.6300000000E+00     8.2297616206E+01     3.1090922817E+01     1.5987803227E+01    -1.0339588853E+01     1.9039877879E+01
    3.6400000000E+00     8.2457367782E+01     3.0987118469E+01     1.5962513403E+01    -1.0421255862E+01     1.9063168883E+01
    3.6500000000E+00     8.2616866504E+01     3.0882498198E+01     1.5937232553E+01    -1.0502773335E+01     1.9086739616E+01
    3.6600000000E+00     8.2776112462E+01     3.0777063502E+01     1.5911960394E+01    -1.0584140948E+01     1.9110586678E+01
    3.6700000000E+00     8.2935105740E+01     3.0670815880E+01     1.5886696649E+01    -1.0665358376E+01     1.9134706679E+01
    3.6800000000E+00     8.3093846422E+01     3.0563756836E+01     1.5861441048E+01    -1.0746425293E+01     1.9159096239E+01
    3.6900000000E+00     8.3252334587E+01     3.0455887877E+01     1.5836193326E+01    -1.0827341372E+01     1.9183751986E+01
    3.7000000000E+00     8.3410570314E+01     3.0347210512E+01     1.5810953228E+01    -1.0908106285E+01     1.9208670560E+01
    3.7100000000E+00     8.3568553677E+01     3.0237726256E+01     1.5785720501E+01    -1.0988719703E+01     1.9233848612E+01
    3.7200000000E+00     8.3726284748E+01     3.0127436624E+01     1.5760494901E+01    -1.1069181296E+01     1.9259282804E+01
    3.7300000000E+00     8.3883763598E+01     3.0016343137E+01     1.5735276191E+01    -1.1149490735E+01     1.9284969807E+01
    3.7400000000E+00     8.4040990294E+01     2.9904447318E+01     1.5710064139E+01    -1.1229647687E+01     1.9310906308E+01
    3.7500000000E+00     8.4197964902E+01     2.9791750693E+01     1.5684858518E+01    -1.1309651823E+01     1.9337089003E+01
    3.7600000000E+00     8.4354687485E+01     2.9678254792E+01     1.5659659110E+01    -1.1389502811E+01     1.9363514601E+01
    3.7700000000E+00     8.4511158104E+01     2.9563961148E+01     1.5634465700E+01    -1.1469200319E+01     1.9390179826E+01
    3.7800000000E+00     8.4667376818E+01     2.9448871298E+01     1.5609278083E+01    -1.1548744014E+01     1.9417081413E+01
    3.7900000000E+00     8.4823343684E+01     2.9332986782E+01     1.5584096056E+01    -1.1628133567E+01     1.9444216110E+01
    3.8000000000E+00     8.4979058757E+01     2.9216309142E+01     1.5558919424E+01    -1.1707368644E+01     1.9471580681E+01
    3.8100000000E+00     8.5134522090E+01     2.9098839925E+01     1.5533747998E+01    -1.1786448914E+01     1.9499171902E+01
    3.8200000000E+00     8.5289733734E+01     2.8980580681E+01     1.5508581594E+01    -1.1865374045E+01     1.9526986565E+01
    3.8300000000E+00     8.5444693738E+01     2.8861532962E+01     1.5483420035E+01    -1.1944143708E+01     1.9555021475E+01
    3.8400000000E+00     8.5599402150E+01     2.8741698326E+01     1.5458263148E+01    -1.2022757570E+01     1.9583273453E+01
    3.8500000000E+00     8.5753859016E+01     2.8621078331E+01     1.5433110767E+01    -1.2101215303E+01     1.9611739335E+01
    3.8600000000E+00     8.5908064380E+01     2.8499674541E+01     1.5407962731E+01    -1.2179516576E+01     1.9640415971E+01
    3.8700000000E+00     8.6062018285E+01     2.8377488523E+01     1.5382818885E+01    -1.2257661061E+01     1.9669300230E+01
    3.8800000000E+00     8.6215720771E+01     2.8254521844E+01     1.5357679079E+01    -1.2335648430E+01     1.9698388992E+01
    3.8900000000E+00     8.6369171879E+01     2.8130776079E+01     1.5332543170E+01    -1.2413478356E+01     1.9727679158E+01
    3.9000000000E+00     8.6522371647E+01     2.8006252803E+01     1.5307411019E+01    -1.2491150512E+01     1.9757167641E+01
    3.9100000000E+00     8.6675320112E+01     2.7880953595E+01     1.5282282491E+01    -1.2568664574E+01     1.9786851374E+01
    3.9200000000E+00     8.6828017309E+01     2.7754880039E+01     1.5257157460E+01    -1.2646020217E+01     1.9816727305E+01
    3.9300000000E+00     8.6980463272E+01     2.7628033720E+01     1.5232035802E+01    -1.2723217118E+01     1.9846792399E+01
    3.9400000000E+00     8.7132658036E+01     2.7500416227E+01     1.5206917399E+01    -1.2800254957E+01     1.9877043637E+01
    3.9500000000E+00     8.7284601631E+01     2.7372029152E+01     1.5181802140E+01    -1.2877133412E+01     1.9907478020E+01
    3.9600000000E+00     8.7436294088E+01     2.7242874091E+01     1.5156689916E+01    -1.2953852164E+01     1.9938092564E+01
    3.9700000000E+00     8.7587735439E+01     2.7112952643E+01     1.5131580625E+01    -1.3030410897E+01     1.9968884304E+01
    3.9800000000E+00     8.7738925710E+01     2.6982266408E+01     1.5106474170E+01    -1.3106809294E+01     1.9999850292E+01
    3.9900000000E+00     8.7889864931E+01     2.6850816992E+01     1.5081370458E+01    -1.3183047041E+01     2.0030987599E+01
    4.0000000000E+00     8.8040553128E+01     2.6718606004E+01     1.5056269402E+01    -1.3259123826E+01     2.0062293312E+01
    4.0100000000E+00     8.8190990328E+01     2.6585635053E+01     1.5031170919E+01    -1.3335039337E+01     2.0093764538E+01
    4.0200000000E+00     8.8341176555E+01     2.6451905755E+01     1.5006074931E+01    -1.3410793265E+01     2.0125398402E+01
    4.0300000000E+00     8.8491111835E+01     2.6317419728E+01     1.4980981364E+01    -1.3486385305E+01     2.0157192047E+01
    4.0400000000E+00     8.8640796190E+01     2.6182178590E+01     1.4955890150E+01    -1.3561815149E+01     2.0189142634E+01
    4.0500000000E+00     8.8790229645E+01     2.6046183966E+01     1.4930801224E+01    -1.3637082496E+01     2.0221247345E+01
    4.0600000000E+00     8.8939412222E+01     2.5909437483E+01     1.4905714527E+01    -1.3712187044E+01     2.0253503378E+01
    4.0700000000E+00     8.9088343943E+01     2.5771940769E+01     1.4880630005E+01    -1.3787128494E+01     2.0285907952E+01
    4.0800000000E+00     8.9237024829E+01     2.5633695457E+01     1.4855547605E+01    -1.3861906549E+01     2.0318458304E+01
    4.0900000000E+00     8.9385454902E+01     2.5494703184E+01     1.4830467283E+01    -1.3936520916E+01     2.0351151689E+01
    4.1000000000E+00     8.9533634182E+01     2.5354965586E+01     1.4805388996E+01    -1.4010971301E+01     2.0383985384E+01
    4.1100000000E+00     8.9681562689E+01     2.5214484305E+01     1.4780312706E+01    -1.4085257415E+01     2.0416956682E+01
    4.1200000000E+00     8.9829240442E+01     2.5073260986E+01     1.4755238381E+01    -1.4159378970E+01     2.0450062897E+01
    4.1300000000E+00     8.9976667463E+01     2.4931297275E+01     1.4730165990E+01    -1.4233335682E+01     2.0483301363E+01
    4.1400000000E+00     9.0123843769E+01     2.4788594823E+01     1.4705095508E+01    -1.4307127269E+01     2.0516669432E+01
    4.1500000000E+00     9.0270769379E+01     2.4645155281E+01     1.4680026915E+01    -1.4380753450E+01     2.0550164477E+01
    4.1600000000E+00     9.0417444313E+01     2.4500980306E+01     1.4654960194E+01    -1.4454213948E+01     2.0583783888E+01
    4.1700000000E+00     9.0563868589E+01     2.4356071555E+01     1.4629895330E+01    -1.4527508489E+01     2.0617525076E+01
    4.1800000000E+00     9.0710042226E+01     2.4210430690E+01     1.4604832316E+01    -1.4600636801E+01     2.0651385473E+01
    4.1900000000E+00     9.0855965242E+01     2.4064059374E+01     1.4579771145E+01    -1.4673598615E+01     2.0685362529E+01
    4.2000000000E+00     9.1001637655E+01     2.3916959274E+01     1.4554711817E+01    -1.4746393665E+01     2.0719453714E+01
    4.2100000000E+00     9.1147059484E+01     2.3769132058E+01     1.4529654332E+01    -1.4819021688E+01     2.0753656516E+01
    4.2200000000E+00     9.1292230748E+01     2.3620579398E+01     1.4504598698E+01    -1.4891482423E+01     2.0787968447E+01
    4.2300000000E+00     9.1437151464E+01     2.3471302968E+01     1.4479544924E+01    -1.4963775612E+01     2.0822387033E+01
    4.2400000000E+00     9.1581821652E+01     2.3321304445E+01     1.4454493022E+01    -1.5035901003E+01     2.0856909826E+01
    4.2500000000E+00     9.1726241331E+01     2.3170585508E+01     1.4429443009E+01    -1.5107858342E+01     2.0891534392E+01
    4.2600000000E+00     9.1870410519E+01     2.3019147839E+01     1.4404394906E+01    -1.5179647382E+01     2.0926258320E+01
    4.2700000000E+00     9.2014329236E+01     2.2866993122E+01     1.4379348737E+01    -1.5251267878E+01     2.0961079218E+01
    4.2800000000E+00     9.2157997500E+01     2.2714123044E+01     1.4354304527E+01    -1.5322719587E+01     2.0995994714E+01
    4.2900000000E+00     9.2301415333E+01     2.2560539294E+01     1.4329262308E+01    -1.5394002272E+01     2.1031002454E+01
    4.3000000000E+00     9.2444582753E+01     2.2406243563E+01     1.4304222114E+01    -1.5465115695E+01     2.1066100107E+01
    4.3100000000E+00     9.2587499782E+01     2.2251237545E+01     1.4279183980E+01    -1.5536059625E+01     2.1101285359E+01
    4.3200000000E+00     9.2730166440E+01     2.2095522936E+01     1.4254147947E+01    -1.5606833833E+01     2.1136555916E+01
    4.3300000000E+00     9.2872582748E+01     2.1939101435E+01     1.4229114059E+01    -1.5677438093E+01     2.1171909505E+01
    4.3400000000E+00     9.3014748728E+01     2.1781974742E+01     1.4204082362E+01    -1.5747872183E+01     2.1207343871E+01
    4.3500000000E+00     9.3156664403E+01     2.1624144559E+01     1.4179052905E+01    -1.5818135884E+01     2.1242856779E+01
    4.3600000000E+00     9.3298329794E+01     2.1465612593E+01     1.4154025741E+01    -1.5888228980E+01     2.1278446014E+01
    4.3700000000E+00     9.3439744925E+01     2.1306380549E+01     1.4129000924E+01    -1.5958151259E+01     2.1314109381E+01
    4.3800000000E+00     9.3580909821E+01     2.1146450137E+01     1.4103978514E+01    -1.6027902513E+01     2.1349844704E+01
    4.3900000000E+00     9.3721824504E+01     2.0985823069E+01     1.4078958571E+01    -1.6097482536E+01     2.1385649825E+01
    4.4000000000E+00     9.3862489000E+01     2.0824501058E+01     1.4053941160E+01    -1.6166891127E+01     2.1421522608E+01
    4.4100000000E+00     9.4002903336E+01     2.0662485819E+01     1.4028926346E+01    -1.6236128088E+01     2.1457460934E+01
    4.4200000000E+00     9.4143067536E+01     2.0499779069E+01     1.4003914200E+01    -1.6305193225E+01     2.1493462705E+01
    4.4300000000E+00     9.4282981629E+01     2.0336382528E+01     1.3978904794E+01    -1.6374086347E+01     2.1529525841E+01
    4.4400000000E+00     9.4422645641E+01     2.0172297916E+01     1.3953898202E+01    -1.6442807266E+01     2.1565648282E+01
    4.4500000000E+00     9.4562059603E+01     2.0007526957E+01     1.3928894503E+01    -1.6511355799E+01     2.1601827987E+01
    4.4600000000E+00     9.4701223541E+01     1.9842071375E+01     1.3903893774E+01    -1.6579731767E+01     2.1638062934E+01
    4.4700000000E+00     9.4840137488E+01     1.9675932898E+01     1.3878896101E+01    -1.6647934992E+01     2.1674351120E+01
    4.4800000000E+00     9.4978801474E+01     1.9509113252E+01     1.3853901566E+01    -1.6715965304E+01     2.1710690561E+01
    4.4900000000E+00     9.5117215530E+01     1.9341614168E+01     1.3828910257E+01    -1.6783822532E+01     2.1747079291E+01
    4.5000000000E+00     9.5255379690E+01     1.9173437379E+01     1.3803922264E+01    -1.6851506512E+01     2.1783515364E+01
    4.5100000000E+00     9.5393293987E+01     1.9004584616E+01     1.3778937680E+01    -1.6919017084E+01     2.1819996853E+01
    4.5200000000E+00     9.5530958455E+01     1.8835057616E+01     1.3753956597E+01    -1.6986354088E+01     2.1856521848E+01
    4.5300000000E+00     9.5668373131E+01     1.8664858114E+01     1.3728979114E+01    -1.7053517373E+01     2.1893088460E+01
    4.5400000000E+00     9.5805538050E+01     1.8493987848E+01     1.3704005328E+01    -1.7120506788E+01     2.1929694815E+01
    4.5500000000E+00     9.5942453250E+01     1.8322448558E+01     1.3679035340E+01    -1.7187322187E+01     2.1966339062E+01
    4.5600000000E+00     9.6079118770E+01     1.8150241985E+01     1.3654069253E+01    -1.7253963428E+01     2.2003019365E+01
    4.5700000000E+00     9.6215534649E+01     1.7977369870E+01     1.3629107173E+01    -1.7320430373E+01     2.2039733906E+01
    4.5800000000E+00     9.6351700927E+01     1.7803833959E+01     1.3604149206E+01    -1.7386722888E+01     2.2076480888E+01
    4.5900000000E+00     9.6487617647E+01     1.7629635994E+01     1.3579195462E+01    -1.7452840841E+01     2.2113258530E+01
    4.6000000000E+00     9.6623284851E+01     1.7454777724E+01     1.3554246051E+01    -1.7518784107E+01     2.2150065070E+01
    4.6100000000E+00     9.6758702583E+01     1.7279260895E+01     1.3529301087E+01    -1.7584552563E+01     2.2186898763E+01
    4.6200000000E+00     9.6893870888E+01     1.7103087256E+01     1.3504360684E+01    -1.7650146089E+01     2.2223757883E+01
    4.6300000000E+00     9.7028789812E+01     1.6926258557E+01     1.3479424959E+01    -1.7715564572E+01     2.2260640721E+01
    4.6400000000E+00     9.7163459403E+01     1.6748776548E+01     1.3454494030E+01    -1.7780807899E+01     2.2297545586E+01
    4.6500000000E+00     9.7297879709E+01     1.6570642983E+01     1.3429568018E+01    -1.7845875964E+01     2.2334470804E+01
    4.6600000000E+00     9.7432050780E+01     1.6391859614E+01     1.3404647045E+01    -1.7910768665E+01     2.2371414720E+01
    4.6700000000E+00     9.7565972667E+01     1.6212428194E+01     1.3379731233E+01    -1.7975485901E+01     2.2408375694E+01
    4.6800000000E+00     9.7699645422E+01     1.6032350481E+01     1.3354820709E+01    -1.8040027577E+01     2.2445352106E+01
    4.6900000000E+00     9.7833069099E+01     1.5851628228E+01     1.3329915600E+01    -1.8104393603E+01     2.2482342352E+01
    4.7000000000E+00     9.7966243753E+01     1.5670263194E+01     1.3305016033E+01    -1.8168583891E+01     2.2519344844E+01
    4.7100000000E+00     9.8099169439E+01     1.5488257137E+01     1.3280122138E+01    -1.8232598357E+01     2.2556358014E+01
    4.7200000000E+00     9.8231846215E+01     1.5305611814E+01     1.3255234047E+01    -1.8296436922E+01     2.2593380307E+01
    4.7300000000E+00     9.8364274139E+01     1.5122328985E+01     1.3230351894E+01    -1.8360099512E+01     2.2630410189E+01
    4.7400000000E+00     9.8496453273E+01     1.4938410410E+01     1.3205475812E+01    -1.8423586053E+01     2.2667446139E+01
    4.7500000000E+00     9.8628383676E+01     1.4753857851E+01     1.3180605936E+01    -1.8486896480E+01     2.2704486656E+01
    4.7600000000E+00     9.8760065413E+01     1.4568673068E+01     1.3155742405E+01    -1.8550030728E+01     2.2741530253E+01
    4.7700000000E+00     9.8891498546E+01     1.4382857824E+01     1.3130885356E+01    -1.8612988738E+01     2.2778575460E+01
    4.7800000000E+00     9.9022683142E+01     1.4196413881E+01     1.3106034929E+01    -1.8675770453E+01     2.2815620824E+01
    4.7900000000E+00     9.9153619267E+01     1.4009343002E+01     1.3081191266E+01    -1.8738375824E+01     2.2852664909E+01
    4.8000000000E+00     9.9284306990E+01     1.3821646952E+01     1.3056354507E+01    -1.8800804801E+01     2.2889706293E+01
    4.8100000000E+00     9.9414746381E+01     1.3633327495E+01     1.3031524797E+01    -1.8863057341E+01     2.2926743572E+01
    4.8200000000E+00     9.9544937510E+01     1.3444386394E+01     1.3006702280E+01    -1.8925133405E+01     2.2963775356E+01
    4.8300000000E+00     9.9674880451E+01     1.3254825415E+01     1.2981887102E+01    -1.8987032956E+01     2.3000800273E+01
    4.8400000000E+00     9.9804575277E+01     1.3064646323E+01     1.2957079409E+01    -1.9048755963E+01     2.3037816966E+01
    4.8500000000E+00     9.9934022065E+01     1.2873850884E+01     1.2932279349E+01    -1.9110302398E+01     2.3074824092E+01
    4.8600000000E+00     1.0006322089E+02     1.2682440864E+01     1.2907487071E+01    -1.9171672236E+01     2.3111820327E+01
    4.8700000000E+00     1.0019217183E+02     1.2490418028E+01     1.2882702724E+01    -1.9232865458E+01     2.3148804358E+01
    4.8800000000E+00     1.0032087497E+02     1.2297784143E+01     1.2857926459E+01    -1.9293882048E+01     2.3185774891E+01
    4.8900000000E+00     1.0044933039E+02     1.2104540976E+01     1.2833158429E+01    -1.9354721993E+01     2.3222730647E+01
    4.9000000000E+00     1.0057753817E+02     1.1910690292E+01     1.2808398785E+01    -1.9415385285E+01     2.3259670359E+01
    4.9100000000E+00     1.0070549839E+02     1.1716233859E+01     1.2783647680E+01    -1.9475871920E+01     2.3296592778E+01
    4.9200000000E+00     1.0083321115E+02     1.1521173443E+01     1.2758905270E+01    -1.9536181897E+01     2.3333496669E+01
    4.9300000000E+00     1.0096067653E+02     1.1325510810E+01     1.2734171709E+01    -1.9596315219E+01     2.3370380812E+01
    4.9400000000E+00     1.0108789461E+02     1.1129247727E+01     1.2709447153E+01    -1.9656271895E+01     2.3407244001E+01
    4.9500000000E+00     1.0121486550E+02     1.0932385961E+01     1.2684731758E+01    -1.9716051934E+01     2.3444085046E+01
    4.9600000000E+00     1.0134158928E+02     1.0734927277E+01     1.2660025683E+01    -1.9775655352E+01     2.3480902770E+01
    4.9700000000E+00     1.0146806605E+02     1.0536873443E+01     1.2635329084E+01    -1.9835082168E+01     2.3517696011E+01
    4.9800000000E+00     1.0159429589E+02     1.0338226223E+01     1.2610642121E+01    -1.9894332405E+01     2.3554463622E+01
    4.9900000000E+00     1.0172027892E+02     1.0138987383E+01     1.2585964953E+01    -1.9953406088E+01     2.3591204469E+01
    5.0000000000E+00     1.0184601523E+02     9.9391586893E+00     1.2561297739E+01    -2.0012303249E+01     2.3627917433E+01
    5.0100000000E+00     1.0197150491E+02     9.7387419063E+00     1.2536640642E+01    -2.0071023921E+01     2.3664601409E+01
    5.0200000000E+00     1.0209674807E+02     9.5377387990E+00     1.2511993820E+01    -2.0129568143E+01     2.3701255304E+01
    5.0300000000E+00     1.0222174482E+02     9.3361511315E+00     1.2487357437E+01    -2.0187935956E+01     2.3737878042E+01
    5.0400000000E+00     1.0234649526E+02     9.1339806678E+00     1.2462731654E+01    -2.0246127406E+01     2.3774468558E+01
    5.0500000000E+00     1.0247099949E+02     8.9312291711E+00     1.2438116634E+01    -2.0304142541E+01     2.3811025802E+01
    5.0600000000E+00     1.0259525763E+02     8.7278984045E+00     1.2413512539E+01    -2.0361981416E+01     2.3847548737E+01
    5.0700000000E+00     1.0271926978E+02     8.5239901301E+00     1.2388919534E+01    -2.0419644086E+01     2.3884036339E+01
    5.0800000000E+00     1.0284303606E+02     8.3195061099E+00     1.2364337783E+01    -2.0477130612E+01     2.3920487598E+01
    5.0900000000E+00     1.0296655657E+02     8.1144481048E+00     1.2339767449E+01    -2.0534441058E+01     2.3956901517E+01
    5.1000000000E+00     1.0308983144E+02     7.9088178754E+00     1.2315208697E+01    -2.0591575493E+01     2.3993277111E+01
    5.1100000000E+00     1.0321286079E+02     7.7026171814E+00     1.2290661692E+01    -2.0648533987E+01     2.4029613410E+01
    5.1200000000E+00     1.0333564472E+02     7.4958477819E+00     1.2266126600E+01    -2.0705316616E+01     2.4065909456E+01
    5.1300000000E+00     1.0345818336E+02     7.2885114351E+00     1.2241603586E+01    -2.0761923458E+01     2.4102164302E+01
    5.1400000000E+00     1.0358047683E+02     7.0806098984E+00     1.2217092816E+01    -2.0818354596E+01     2.4138377016E+01
    5.1500000000E+00     1.0370252526E+02     6.8721449286E+00     1.2192594456E+01    -2.0874610116E+01     2.4174546678E+01
    5.1600000000E+00     1.0382432876E+02     6.6631182812E+00     1.2168108672E+01    -2.0930690108E+01     2.4210672379E+01
    5.1700000000E+00     1.0394588747E+02     6.4535317112E+00     1.2143635631E+01    -2.0986594665E+01     2.4246753225E+01
    5.1800000000E+00     1.0406720152E+02     6.2433869724E+00     1.2119175500E+01    -2.1042323883E+01     2.4282788332E+01
    5.1900000000E+00     1.0418827102E+02     6.0326858176E+00     1.2094728445E+01    -2.1097877863E+01     2.4318776830E+01
    5.2000000000E+00     1.0430909613E+02     5.8214299989E+00     1.2070294633E+01    -2.1153256709E+01     2.4354717858E+01
    5.2100000000E+00     1.0442967696E+02     5.6096212669E+00     1.2045874231E+01    -2.1208460529E+01     2.4390610570E+01
    5.2200000000E+00     1.0455001366E+02     5.3972613714E+00     1.2021467407E+01    -2.1263489432E+01     2.4426454132E+01
    5.2300000000E+00     1.0467010636E+02     5.1843520609E+00     1.1997074328E+01    -2.1318343533E+01     2.4462247718E+01
    5.2400000000E+00     1.0478995519E+02     4.9708950830E+00     1.1972695161E+01    -2.1373022951E+01     2.4497990519E+01
    5.2500000000E+00     1.0490956031E+02     4.7568921838E+00     1.1948330073E+01    -2.1427527806E+01     2.4533681734E+01
    5.2600000000E+00     1.0502892184E+02     4.5423451083E+00     1.1923979232E+01    -2.1481858222E+01     2.4569320573E+01
    5.2700000000E+00     1.0514803994E+02     4.3272556004E+00     1.1899642805E+01    -2.1536014329E+01     2.4604906260E+01
    5.2800000000E+00     1.0526691475E+02     4.1116254023E+00     1.1875320960E+01    -2.1589996257E+01     2.4640438029E+01
    5.2900000000E+00     1.0538554641E+02     3.8954562554E+00     1.1851013862E+01    -2.1643804141E+01     2.4675915125E+01
    5.3000000000E+00     1.0550393507E+02     3.6787498992E+00     1.1826721681E+01    -2.1697438119E+01     2.4711336805E+01
    5.3100000000E+00     1.0562208089E+02     3.4615080722E+00     1.1802444583E+01    -2.1750898333E+01     2.4746702334E+01
    5.3200000000E+00     1.0573998401E+02     3.2437325113E+00     1.1778182734E+01    -2.1804184927E+01     2.4782010993E+01
    5.3300000000E+00     1.0585764460E+02     3.0254249519E+00     1.1753936302E+01    -2.1857298050E+01     2.4817262070E+01
    5.3400000000E+00     1.0597506279E+02     2.8065871280E+00     1.1729705453E+01    -2.1910237852E+01     2.4852454864E+01
    5.3500000000E+00     1.0609223876E+02     2.5872207721E+00     1.1705490355E+01    -2.1963004488E+01     2.4887588686E+01
    5.3600000000E+00     1.0620917265E+02     2.3673276149E+00     1.1681291173E+01    -2.2015598116E+01     2.4922662857E+01
    5.3700000000E+00     1.0632586464E+02     2.1469093859E+00     1.1657108074E+01    -2.2068018897E+01     2.4957676708E+01
    5.3800000000E+00     1.0644231487E+02     1.9259678126E+00     1.1632941223E+01    -2.2120266994E+01     2.4992629581E+01
    5.3900000000E+00     1.0655852352E+02     1.7045046211E+00     1.1608790787E+01    -2.2172342576E+01     2.5027520829E+01
    5.4000000000E+00     1.0667449074E+02     1.4825215356E+00     1.1584656932E+01    -2.2224245811E+01     2.5062349812E+01
    5.4100000000E+00     1.0679021671E+02     1.2600202787E+00     1.1560539821E+01    -2.2275976875E+01     2.5097115904E+01
    5.4200000000E+00     1.0690570159E+02     1.0370025714E+00     1.1536439621E+01    -2.2327535943E+01     2.5131818486E+01
    5.4300000000E+00     1.0702094556E+02     8.1347013260E-01     1.1512356496E+01    -2.2378923196E+01     2.5166456952E+01
    5.4400000000E+00     1.0713594878E+02     5.8942467959E-01     1.1488290611E+01    -2.2430138815E+01     2.5201030702E+01
    5.4500000000E+00     1.0725071143E+02     3.6486792779E-01     1.1464242130E+01    -2.2481182987E+01     2.5235539148E+01
    5.4600000000E+00     1.0736523368E+02     1.3980159072E-01     1.1440211217E+01    -2.2532055900E+01     2.5269981713E+01
