    0.0000000000E+00     0.0000000000E+00     0.0000000000E+00     1.2000000000E-02     0.0000000000E+00     0.0000000000E+00
    2.0000000000E-03     2.3761592000E-01     2.3761592032E-01     1.1762384080E-02     2.8230662719E-06     3.1893696018E-10
    4.0000000000E-03     4.7052672955E-01     4.7052673017E-01     1.1529473270E-02     1.1069770161E-05     6.2524241340E-10
    6.0000000000E-03     6.9882559607E-01     6.9882559699E-01     1.1301174404E-02     2.4417860686E-05     9.1929197588E-10
    8.0000000000E-03     9.2260384216E-01     9.2260384336E-01     1.1077396158E-02     4.2559892478E-05     1.2014521600E-09
    1.0000000000E-02     1.1419509821E+00     1.1419509836E+00     1.0858049018E-02     6.5202602276E-05     1.4720762387E-09
    1.2000000000E-02     1.3569547577E+00     1.3569547594E+00     1.0643045242E-02     9.2066310717E-05     1.7315138212E-09
    1.4000000000E-02     1.5677011732E+00     1.5677011752E+00     1.0432298827E-02     1.2288434843E-04     1.9800978635E-09
    1.6000000000E-02     1.7742745302E+00     1.7742745324E+00     1.0225725470E-02     1.5740250542E-04     2.2181596560E-09
    1.8000000000E-02     1.9767574606E+00     1.9767574631E+00     1.0023242539E-02     1.9537850291E-04     2.4460171666E-09
    2.0000000000E-02     2.1752309604E+00     2.1752309631E+00     9.8247690396E-03     2.3658148655E-04     2.6639810358E-09
    2.2000000000E-02     2.3697744216E+00     2.3697744245E+00     9.6302255784E-03     2.8079154046E-04     2.8723530221E-09
    2.4000000000E-02     2.5604656641E+00     2.5604656672E+00     9.4395343359E-03     3.2779922086E-04     3.0714297772E-09
    2.6000000000E-02     2.7473809671E+00     2.7473809704E+00     9.2526190329E-03     3.7740510892E-04     3.2614955181E-09
    2.8000000000E-02     2.9305950991E+00     2.9305951025E+00     9.0694049009E-03     4.2941938174E-04     3.4428309093E-09
    3.0000000000E-02     3.1101813482E+00     3.1101813518E+00     8.8898186518E-03     4.8366140094E-04     3.6157050687E-09
    3.2000000000E-02     3.2862115513E+00     3.2862115551E+00     8.7137884487E-03     5.3995931801E-04     3.7803831177E-09
    3.4000000000E-02     3.4587561229E+00     3.4587561268E+00     8.5412438771E-03     5.9814969589E-04     3.9371212956E-09
    3.6000000000E-02     3.6278840831E+00     3.6278840871E+00     8.3721159169E-03     6.5807714601E-04     4.0861714012E-09
    3.8000000000E-02     3.7936630852E+00     3.7936630895E+00     8.2063369148E-03     7.1959398021E-04     4.2277741308E-09
    4.0000000000E-02     3.9561594432E+00     3.9561594476E+00     8.0438405568E-03     7.8255987701E-04     4.3621661838E-09
    4.2000000000E-02     4.1154381577E+00     4.1154381622E+00     7.8845618423E-03     8.4684156150E-04     4.4895793749E-09
    4.4000000000E-02     4.2715629424E+00     4.2715629470E+00     7.7284370576E-03     9.1231249854E-04     4.6102366369E-09
    4.6000000000E-02     4.4245962492E+00     4.4245962539E+00     7.5754037508E-03     9.7885259842E-04     4.7243551293E-09
    4.8000000000E-02     4.5745992935E+00     4.5745992983E+00     7.4254007065E-03     1.0463479348E-03     4.8321453505E-09
    5.0000000000E-02     4.7216320785E+00     4.7216320834E+00     7.2783679215E-03     1.1146904742E-03     4.9338142460E-09
    5.2000000000E-02     4.8657534193E+00     4.8657534244E+00     7.1342465807E-03     1.1837778169E-03     5.0295643206E-09
    5.4000000000E-02     5.0070209664E+00     5.0070209715E+00     6.9929790336E-03     1.2535129479E-03     5.1195856443E-09
    5.6000000000E-02     5.1454912286E+00     5.1454912338E+00     6.8545087714E-03     1.3238039992E-03     5.2040709519E-09
    5.8000000000E-02     5.2812195959E+00     5.2812196012E+00     6.7187804041E-03     1.3945640210E-03     5.2832040964E-09
    6.0000000000E-02     5.4142603615E+00     5.4142603669E+00     6.5857396385E-03     1.4657107631E-03     5.3571609371E-09
    6.2000000000E-02     5.5446667434E+00     5.5446667489E+00     6.4553332566E-03     1.5371664648E-03     5.4261173332E-09
    6.4000000000E-02     5.6724909060E+00     5.6724909115E+00     6.3275090940E-03     1.6088576539E-03     5.4902447033E-09
    6.6000000000E-02     5.7977839805E+00     5.7977839861E+00     6.2022160195E-03     1.6807149543E-03     5.5497029194E-09
    6.8000000000E-02     5.9205960860E+00     5.9205960916E+00     6.0794039140E-03     1.7526729007E-03     5.6046536301E-09
    7.0000000000E-02     6.0409763488E+00     6.0409763545E+00     5.9590236512E-03     1.8246697624E-03     5.6552531547E-09
    7.2000000000E-02     6.1589729228E+00     6.1589729285E+00     5.8410270772E-03     1.8966473732E-03     5.7016498189E-09
    7.4000000000E-02     6.2746330080E+00     6.2746330137E+00     5.7253669920E-03     1.9685509693E-03     5.7439928369E-09
    7.6000000000E-02     6.3880028701E+00     6.3880028759E+00     5.6119971299E-03     2.0403290334E-03     5.7824243171E-09
    7.8000000000E-02     6.4991278585E+00     6.4991278643E+00     5.5008721415E-03     2.1119331461E-03     5.8170801509E-09
    8.0000000000E-02     6.6080524247E+00     6.6080524306E+00     5.3919475753E-03     2.1833178424E-03     5.8480962295E-09
    8.2000000000E-02     6.7148201401E+00     6.7148201459E+00     5.2851798599E-03     2.2544404757E-03     5.8756040033E-09
    8.4000000000E-02     6.8194737130E+00     6.8194737189E+00     5.1805262870E-03     2.3252610861E-03     5.8997287056E-09
    8.6000000000E-02     6.9220550063E+00     6.9220550122E+00     5.0779449937E-03     2.3957422755E-03     5.9205937930E-09
    8.8000000000E-02     7.0226050539E+00     7.0226050598E+00     4.9773949461E-03     2.4658490871E-03     5.9383209461E-09
    9.0000000000E-02     7.1211640772E+00     7.1211640831E+00     4.8788359228E-03     2.5355488907E-03     5.9530229635E-09
    9.2000000000E-02     7.2177715010E+00     7.2177715070E+00     4.7822284990E-03     2.6048112720E-03     5.9648161965E-09
    9.4000000000E-02     7.3124659697E+00     7.3124659757E+00     4.6875340303E-03     2.6736079279E-03     5.9738063385E-09
    9.6000000000E-02     7.4052853623E+00     7.4052853683E+00     4.5947146377E-03     2.7419125649E-03     5.9801035235E-09
    9.8000000000E-02     7.4962668078E+00     7.4962668138E+00     4.5037331922E-03     2.8097008027E-03     5.9838081157E-09
    1.0000000000E-01     7.5854467000E+00     7.5854467059E+00     4.4145533000E-03     2.8769500819E-03     5.9850204792E-09
    1.0200000000E-01     7.6728607119E+00     7.6728607179E+00     4.3271392881E-03     2.9436395752E-03     5.9838392019E-09
    1.0400000000E-01     7.7585438105E+00     7.7585438165E+00     4.2414561895E-03     3.0097501030E-03     5.9803593189E-09
    1.0600000000E-01     7.8425302701E+00     7.8425302760E+00     4.1574697299E-03     3.0752640518E-03     5.9746687597E-09
    1.0800000000E-01     7.9248536863E+00     7.9248536923E+00     4.0751463137E-03     3.1401652975E-03     5.9668598951E-09
    1.1000000000E-01     8.0055469897E+00     8.0055469956E+00     3.9944530103E-03     3.2044391302E-03     5.9570197664E-09
    1.1200000000E-01     8.0846424586E+00     8.0846424645E+00     3.9153575414E-03     3.2680721842E-03     5.9452265333E-09
    1.1400000000E-01     8.1621717323E+00     8.1621717382E+00     3.8378282677E-03     3.3310523694E-03     5.9315663492E-09
    1.1600000000E-01     8.2381658235E+00     8.2381658294E+00     3.7618341765E-03     3.3933688068E-03     5.9161155974E-09
    1.1800000000E-01     8.3126551309E+00     8.3126551368E+00     3.6873448691E-03     3.4550117663E-03     5.8989506613E-09
    1.2000000000E-01     8.3856694512E+00     8.3856694571E+00     3.6143305488E-03     3.5159726072E-03     5.8801443714E-09
    1.2200000000E-01     8.4572379911E+00     8.4572379969E+00     3.5427620089E-03     3.5762437219E-03     5.8597713348E-09
    1.2400000000E-01     8.5273893789E+00     8.5273893847E+00     3.4726106211E-03     3.6358184810E-03     5.8378990531E-09
    1.2600000000E-01     8.5961516762E+00     8.5961516820E+00     3.4038483238E-03     3.6946911820E-03     5.8145950277E-09
    1.2800000000E-01     8.6635523888E+00     8.6635523946E+00     3.3364476112E-03     3.7528569996E-03     5.7899267603E-09
    1.3000000000E-01     8.7296184778E+00     8.7296184836E+00     3.2703815222E-03     3.8103119384E-03     5.7639546469E-09
    1.3200000000E-01     8.7943763707E+00     8.7943763764E+00     3.2056236293E-03     3.8670527875E-03     5.7367408601E-09
    1.3400000000E-01     8.8578519713E+00     8.8578519770E+00     3.1421480287E-03     3.9230770773E-03     5.7083440197E-09
    1.3600000000E-01     8.9200706709E+00     8.9200706766E+00     3.0799293291E-03     3.9783830387E-03     5.6788262981E-09
    1.3800000000E-01     8.9810573576E+00     8.9810573633E+00     3.0189426424E-03     4.0329695631E-03     5.6482356570E-09
    1.4000000000E-01     9.0408364271E+00     9.0408364327E+00     2.9591635729E-03     4.0868361651E-03     5.6166307161E-09
    1.4200000000E-01     9.0994317917E+00     9.0994317972E+00     2.9005682083E-03     4.1399829465E-03     5.5840629898E-09
    1.4400000000E-01     9.1568668903E+00     9.1568668958E+00     2.8431331097E-03     4.1924105623E-03     5.5505822161E-09
    1.4600000000E-01     9.2131646977E+00     9.2131647032E+00     2.7868353023E-03     4.2441201874E-03     5.5162381329E-09
    1.4800000000E-01     9.2683477339E+00     9.2683477394E+00     2.7316522661E-03     4.2951134858E-03     5.4810804784E-09
    1.5000000000E-01     9.3224380728E+00     9.3224380782E+00     2.6775619272E-03     4.3453925810E-03     5.4451483322E-09
    1.5200000000E-01     9.3754573512E+00     9.3754573566E+00     2.6245426488E-03     4.3949600272E-03     5.4084914325E-09
    1.5400000000E-01     9.4274267775E+00     9.4274267829E+00     2.5725732225E-03     4.4438187823E-03     5.3711506354E-09
    1.5600000000E-01     9.4783671403E+00     9.4783671456E+00     2.5216328597E-03     4.4919721823E-03     5.3331703498E-09
    1.5800000000E-01     9.5282988162E+00     9.5282988215E+00     2.4717011838E-03     4.5394239166E-03     5.2945861029E-09
    1.6000000000E-01     9.5772417788E+00     9.5772417841E+00     2.4227582212E-03     4.5861780045E-03     5.2554387509E-09
    1.6200000000E-01     9.6252156058E+00     9.6252156110E+00     2.3747843942E-03     4.6322387729E-03     5.2157673736E-09
    1.6400000000E-01     9.6722394873E+00     9.6722394925E+00     2.3277605127E-03     4.6776108350E-03     5.1756039454E-09
    1.6600000000E-01     9.7183322336E+00     9.7183322388E+00     2.2816677664E-03     4.7222990702E-03     5.1349875463E-09
    1.6800000000E-01     9.7635122824E+00     9.7635122875E+00     2.2364877176E-03     4.7663086045E-03     5.0939519269E-09
    1.7000000000E-01     9.8077977063E+00     9.8077977114E+00     2.1922022937E-03     4.8096447924E-03     5.0525255091E-09
    1.7200000000E-01     9.8512062201E+00     9.8512062251E+00     2.1487937799E-03     4.8523131995E-03     5.0107438199E-09
    1.7400000000E-01     9.8937551876E+00     9.8937551926E+00     2.1062448124E-03     4.8943195856E-03     4.9686335046E-09
    1.7600000000E-01     9.9354616292E+00     9.9354616341E+00     2.0645383708E-03     4.9356698893E-03     4.9262283142E-09
    1.7800000000E-01     9.9763422279E+00     9.9763422328E+00     2.0236577721E-03     4.9763702124E-03     4.8835531175E-09
    1.8000000000E-01     1.0016413337E+01     1.0016413341E+01     1.9835866635E-03     5.0164268064E-03     4.8406398889E-09
    1.8200000000E-01     1.0055690984E+01     1.0055690989E+01     1.9443090160E-03     5.0558460583E-03     4.7975081685E-09
    1.8400000000E-01     1.0094190882E+01     1.0094190887E+01     1.9058091180E-03     5.0946344781E-03     4.7541863779E-09
    1.8600000000E-01     1.0131928431E+01     1.0131928436E+01     1.8680715691E-03     5.1327986864E-03     4.7106993861E-09
    1.8800000000E-01     1.0168918726E+01     1.0168918731E+01     1.8310812737E-03     5.1703454031E-03     4.6670720621E-09
    1.9000000000E-01     1.0205176565E+01     1.0205176569E+01     1.7948234353E-03     5.2072814358E-03     4.6233239459E-09
    1.9200000000E-01     1.0240716450E+01     1.0240716454E+01     1.7592835501E-03     5.2436136703E-03     4.5794781300E-09
    1.9400000000E-01     1.0275552598E+01     1.0275552603E+01     1.7244474019E-03     5.2793490598E-03     4.5355577072E-09
    1.9600000000E-01     1.0309698944E+01     1.0309698949E+01     1.6903010555E-03     5.3144946163E-03     4.4915804409E-09
    1.9800000000E-01     1.0343169148E+01     1.0343169152E+01     1.6568308522E-03     5.3490574010E-03     4.4475658711E-09
    2.0000000000E-01     1.0375976597E+01     1.0375976601E+01     1.6240234032E-03     5.3830445168E-03     4.4035335378E-09
    2.0200000000E-01     1.0408134415E+01     1.0408134419E+01     1.5918655853E-03     5.4164630997E-03     4.3595029808E-09
    2.0400000000E-01     1.0439655465E+01     1.0439655469E+01     1.5603445349E-03     5.4493203115E-03     4.3154866347E-09
    2.0600000000E-01     1.0470552357E+01     1.0470552361E+01     1.5294476430E-03     5.4816233330E-03     4.2715040394E-09
    2.0800000000E-01     1.0500837449E+01     1.0500837454E+01     1.4991625506E-03     5.5133793569E-03     4.2275729584E-09
    2.1000000000E-01     1.0530522857E+01     1.0530522861E+01     1.4694771432E-03     5.5445955819E-03     4.1837058262E-09
    2.1200000000E-01     1.0559620454E+01     1.0559620458E+01     1.4403795463E-03     5.5752792063E-03     4.1399204065E-09
    2.1400000000E-01     1.0588141880E+01     1.0588141884E+01     1.4118581204E-03     5.6054374232E-03     4.0962273573E-09
    2.1600000000E-01     1.0616098543E+01     1.0616098548E+01     1.3839014565E-03     5.6350774143E-03     4.0526408895E-09
    2.1800000000E-01     1.0643501628E+01     1.0643501632E+01     1.3564983717E-03     5.6642063456E-03     4.0091734377E-09
    2.2000000000E-01     1.0670362096E+01     1.0670362100E+01     1.3296379043E-03     5.6928313627E-03     3.9658409889E-09
    2.2200000000E-01     1.0696690690E+01     1.0696690694E+01     1.3033093098E-03     5.7209595861E-03     3.9226524251E-09
    2.2400000000E-01     1.0722497944E+01     1.0722497947E+01     1.2775020564E-03     5.7485981075E-03     3.8796166280E-09
    2.2600000000E-01     1.0747794179E+01     1.0747794183E+01     1.2522058209E-03     5.7757539858E-03     3.8367495847E-09
    2.2800000000E-01     1.0772589516E+01     1.0772589519E+01     1.2274104844E-03     5.8024342436E-03     3.7940566244E-09
    2.3000000000E-01     1.0796893872E+01     1.0796893875E+01     1.2031061284E-03     5.8286458637E-03     3.7515519580E-09
    2.3200000000E-01     1.0820716969E+01     1.0820716973E+01     1.1792830310E-03     5.8543957862E-03     3.7092409144E-09
    2.3400000000E-01     1.0844068338E+01     1.0844068341E+01     1.1559316624E-03     5.8796909055E-03     3.6671377046E-09
    2.3600000000E-01     1.0866957318E+01     1.0866957322E+01     1.1330426820E-03     5.9045380676E-03     3.6252458813E-09
    2.3800000000E-01     1.0889393066E+01     1.0889393070E+01     1.1106069337E-03     5.9289440676E-03     3.5835743262E-09
    2.4000000000E-01     1.0911384557E+01     1.0911384561E+01     1.0886154430E-03     5.9529156475E-03     3.5421319211E-09
    2.4200000000E-01     1.0932940587E+01     1.0932940590E+01     1.0670594130E-03     5.9764594939E-03     3.5009257715E-09
    2.4400000000E-01     1.0954069779E+01     1.0954069782E+01     1.0459302210E-03     5.9995822362E-03     3.4599629828E-09
    2.4600000000E-01     1.0974780585E+01     1.0974780588E+01     1.0252194150E-03     6.0222904444E-03     3.4192488840E-09
    2.4800000000E-01     1.0995081290E+01     1.0995081293E+01     1.0049187105E-03     6.0445906282E-03     3.3787905807E-09
    2.5000000000E-01     1.1014980013E+01     1.1014980017E+01     9.8501998683E-04     6.0664892345E-03     3.3385951781E-09
    2.5200000000E-01     1.1034484716E+01     1.1034484719E+01     9.6551528429E-04     6.0879926471E-03     3.2986662291E-09
    2.5400000000E-01     1.1053603199E+01     1.1053603203E+01     9.4639680075E-04     6.1091071843E-03     3.2590090626E-09
    2.5600000000E-01     1.1072343111E+01     1.1072343115E+01     9.2765688854E-04     6.1298390989E-03     3.2196307842E-09
    2.5800000000E-01     1.1090711949E+01     1.1090711952E+01     9.0928805145E-04     6.1501945763E-03     3.1805331702E-09
    2.6000000000E-01     1.1108717058E+01     1.1108717061E+01     8.9128294171E-04     6.1701797341E-03     3.1417233259E-09
    2.6200000000E-01     1.1126365643E+01     1.1126365646E+01     8.7363435703E-04     6.1898006211E-03     3.1031994752E-09
    2.6400000000E-01     1.1143664762E+01     1.1143664765E+01     8.5633523774E-04     6.2090632167E-03     3.0649722760E-09
    2.6600000000E-01     1.1160621336E+01     1.1160621339E+01     8.3937866396E-04     6.2279734303E-03     3.0270417284E-09
    2.6800000000E-01     1.1177242147E+01     1.1177242150E+01     8.2275785284E-04     6.2465371008E-03     2.9894113851E-09
    2.7000000000E-01     1.1193533844E+01     1.1193533847E+01     8.0646615583E-04     6.2647599960E-03     2.9520847988E-09
    2.7200000000E-01     1.1209502944E+01     1.1209502947E+01     7.9049705603E-04     6.2826478125E-03     2.9150637459E-09
    2.7400000000E-01     1.1225155834E+01     1.1225155837E+01     7.7484416560E-04     6.3002061753E-03     2.8783500028E-09
    2.7600000000E-01     1.1240498777E+01     1.1240498780E+01     7.5950122316E-04     6.3174406376E-03     2.8419506748E-09
    2.7800000000E-01     1.1255537909E+01     1.1255537911E+01     7.4446209133E-04     6.3343566807E-03     2.8058622092E-09
    2.8000000000E-01     1.1270279246E+01     1.1270279248E+01     7.2972075427E-04     6.3509597138E-03     2.7700899352E-09
    2.8200000000E-01     1.1284728685E+01     1.1284728687E+01     7.1527131524E-04     6.3672550744E-03     2.7346320763E-09
    2.8400000000E-01     1.1298892006E+01     1.1298892008E+01     7.0110799427E-04     6.3832480279E-03     2.6994921853E-09
    2.8600000000E-01     1.1312774874E+01     1.1312774877E+01     6.8722512585E-04     6.3989437677E-03     2.6646738149E-09
    2.8800000000E-01     1.1326382843E+01     1.1326382846E+01     6.7361715664E-04     6.4143474157E-03     2.6301751888E-09
    2.9000000000E-01     1.1339721357E+01     1.1339721359E+01     6.6027864327E-04     6.4294640224E-03     2.5959980832E-09
    2.9200000000E-01     1.1352795750E+01     1.1352795752E+01     6.4720425017E-04     6.4442985669E-03     2.5621424982E-09
    2.9400000000E-01     1.1365611253E+01     1.1365611255E+01     6.3438874739E-04     6.4588559573E-03     2.5286102101E-09
    2.9600000000E-01     1.1378172991E+01     1.1378172994E+01     6.2182700857E-04     6.4731410311E-03     2.4954012190E-09
    2.9800000000E-01     1.1390485991E+01     1.1390485994E+01     6.0951400884E-04     6.4871585557E-03     2.4625155248E-09
    3.0000000000E-01     1.1402555177E+01     1.1402555180E+01     5.9744482284E-04     6.5009132284E-03     2.4299531276E-09
    3.0200000000E-01     1.1414385377E+01     1.1414385380E+01     5.8561462274E-04     6.5144096770E-03     2.3977158037E-09
    3.0400000000E-01     1.1425981324E+01     1.1425981326E+01     5.7401867630E-04     6.5276524605E-03     2.3658035531E-09
    3.0600000000E-01     1.1437347655E+01     1.1437347657E+01     5.6265234497E-04     6.5406460691E-03     2.3342128230E-09
    3.0800000000E-01     1.1448488918E+01     1.1448488920E+01     5.5151108209E-04     6.5533949252E-03     2.3029471663E-09
    3.1000000000E-01     1.1459409569E+01     1.1459409571E+01     5.4059043099E-04     6.5659033835E-03     2.2720030302E-09
    3.1200000000E-01     1.1470113977E+01     1.1470113979E+01     5.2988602328E-04     6.5781757320E-03     2.2413821910E-09
    3.1400000000E-01     1.1480606423E+01     1.1480606425E+01     5.1939357703E-04     6.5902161920E-03     2.2110828723E-09
    3.1600000000E-01     1.1490891105E+01     1.1490891107E+01     5.0910889515E-04     6.6020289192E-03     2.1811050743E-09
    3.1800000000E-01     1.1500972136E+01     1.1500972139E+01     4.9902786361E-04     6.6136180041E-03     2.1514470205E-09
    3.2000000000E-01     1.1510853550E+01     1.1510853552E+01     4.8914644986E-04     6.6249874726E-03     2.1221087110E-09
    3.2200000000E-01     1.1520539299E+01     1.1520539301E+01     4.7946070122E-04     6.6361412867E-03     2.0930901456E-09
    3.2400000000E-01     1.1530033257E+01     1.1530033259E+01     4.6996674325E-04     6.6470833451E-03     2.0643877718E-09
    3.2600000000E-01     1.1539339222E+01     1.1539339224E+01     4.6066077825E-04     6.6578174837E-03     2.0359998132E-09
    3.2800000000E-01     1.1548460916E+01     1.1548460918E+01     4.5153908369E-04     6.6683474768E-03     2.0079262697E-09
    3.3000000000E-01     1.1557401989E+01     1.1557401991E+01     4.4259801080E-04     6.6786770370E-03     1.9801671414E-09
    3.3200000000E-01     1.1566166017E+01     1.1566166019E+01     4.3383398300E-04     6.6888098166E-03     1.9527206518E-09
    3.3400000000E-01     1.1574756505E+01     1.1574756507E+01     4.2524349458E-04     6.6987494080E-03     1.9255850248E-09
    3.3600000000E-01     1.1583176891E+01     1.1583176893E+01     4.1682310924E-04     6.7084993441E-03     1.8987584838E-09
    3.3800000000E-01     1.1591430541E+01     1.1591430543E+01     4.0856945869E-04     6.7180630997E-03     1.8722410289E-09
    3.4000000000E-01     1.1599520759E+01     1.1599520760E+01     4.0047924137E-04     6.7274440915E-03     1.8460273310E-09
    3.4200000000E-01     1.1607450779E+01     1.1607450781E+01     3.9254922109E-04     6.7366456792E-03     1.8201173901E-09
    3.4400000000E-01     1.1615223774E+01     1.1615223776E+01     3.8477622573E-04     6.7456711663E-03     1.7945094299E-09
    3.4600000000E-01     1.1622842854E+01     1.1622842856E+01     3.7715714599E-04     6.7545238005E-03     1.7692016741E-09
    3.4800000000E-01     1.1630311066E+01     1.1630311068E+01     3.6968893414E-04     6.7632067744E-03     1.7441941225E-09
    3.5000000000E-01     1.1637631397E+01     1.1637631399E+01     3.6236860279E-04     6.7717232269E-03     1.7194814461E-09
    3.5200000000E-01     1.1644806776E+01     1.1644806778E+01     3.5519322371E-04     6.7800762429E-03     1.6950636450E-09
    3.5400000000E-01     1.1651840073E+01     1.1651840075E+01     3.4815992666E-04     6.7882688547E-03     1.6709389428E-09
    3.5600000000E-01     1.1658734102E+01     1.1658734103E+01     3.4126589822E-04     6.7963040428E-03     1.6471055631E-09
    3.5800000000E-01     1.1665491619E+01     1.1665491621E+01     3.3450838069E-04     6.8041847360E-03     1.6235617295E-09
    3.6000000000E-01     1.1672115329E+01     1.1672115331E+01     3.2788467097E-04     6.8119138127E-03     1.6003038894E-09
    3.6200000000E-01     1.1678607881E+01     1.1678607882E+01     3.2139211949E-04     6.8194941013E-03     1.5773302664E-09
    3.6400000000E-01     1.1684971871E+01     1.1684971872E+01     3.1502812914E-04     6.8269283811E-03     1.5546390841E-09
    3.6600000000E-01     1.1691209846E+01     1.1691209847E+01     3.0879015425E-04     6.8342193829E-03     1.5322267899E-09
    3.6800000000E-01     1.1697324300E+01     1.1697324302E+01     3.0267569953E-04     6.8413697895E-03     1.5100933837E-09
    3.7000000000E-01     1.1703317681E+01     1.1703317682E+01     2.9668231913E-04     6.8483822370E-03     1.4882353128E-09
    3.7200000000E-01     1.1709192384E+01     1.1709192386E+01     2.9080761561E-04     6.8552593147E-03     1.4666525772E-09
    3.7400000000E-01     1.1714950761E+01     1.1714950762E+01     2.8504923902E-04     6.8620035666E-03     1.4453398478E-09
    3.7600000000E-01     1.1720595114E+01     1.1720595116E+01     2.7940488592E-04     6.8686174914E-03     1.4242953483E-09
    3.7800000000E-01     1.1726127701E+01     1.1726127703E+01     2.7387229850E-04     6.8751035436E-03     1.4035173024E-09
    3.8000000000E-01     1.1731550736E+01     1.1731550738E+01     2.6844926366E-04     6.8814641340E-03     1.3830057100E-09
    3.8200000000E-01     1.1736866388E+01     1.1736866389E+01     2.6313361209E-04     6.8877016304E-03     1.3627552420E-09
    3.8400000000E-01     1.1742076783E+01     1.1742076784E+01     2.5792321748E-04     6.8938183583E-03     1.3427641221E-09
    3.8600000000E-01     1.1747184004E+01     1.1747184006E+01     2.5281599560E-04     6.8998166017E-03     1.3230305740E-09
    3.8800000000E-01     1.1752190097E+01     1.1752190098E+01     2.4780990348E-04     6.9056986032E-03     1.3035528212E-09
    3.9000000000E-01     1.1757097061E+01     1.1757097063E+01     2.4290293863E-04     6.9114665655E-03     1.2843273112E-09
    3.9200000000E-01     1.1761906862E+01     1.1761906863E+01     2.3809313820E-04     6.9171226513E-03     1.2653504911E-09
    3.9400000000E-01     1.1766621422E+01     1.1766621423E+01     2.3337857819E-04     6.9226689842E-03     1.2466241373E-09
    3.9600000000E-01     1.1771242627E+01     1.1771242629E+01     2.2875737273E-04     6.9281076495E-03     1.2281429207E-09
    3.9800000000E-01     1.1775772327E+01     1.1775772328E+01     2.2422767326E-04     6.9334406946E-03     1.2099032887E-09
    4.0000000000E-01     1.1780212332E+01     1.1780212333E+01     2.1978766786E-04     6.9386701295E-03     1.1919052412E-09
    4.0200000000E-01     1.1784564420E+01     1.1784564421E+01     2.1543558045E-04     6.9437979279E-03     1.1741434491E-09
    4.0400000000E-01     1.1788830330E+01     1.1788830331E+01     2.1116967014E-04     6.9488260273E-03     1.1566196889E-09
    4.0600000000E-01     1.1793011769E+01     1.1793011771E+01     2.0698823052E-04     6.9537563298E-03     1.1393286314E-09
    4.0800000000E-01     1.1797110411E+01     1.1797110412E+01     2.0288958895E-04     6.9585907025E-03     1.1222702767E-09
    4.1000000000E-01     1.1801127894E+01     1.1801127895E+01     1.9887210593E-04     6.9633309786E-03     1.1054392957E-09
    4.1200000000E-01     1.1805065826E+01     1.1805065827E+01     1.9493417439E-04     6.9679789573E-03     1.0888356883E-09
    4.1400000000E-01     1.1808925781E+01     1.1808925782E+01     1.9107421913E-04     6.9725364049E-03     1.0724559019E-09
    4.1600000000E-01     1.1812709304E+01     1.1812709305E+01     1.8729069610E-04     6.9770050549E-03     1.0562981601E-09
    4.1800000000E-01     1.1816417908E+01     1.1816417909E+01     1.8358209184E-04     6.9813866090E-03     1.0403606865E-09
    4.2000000000E-01     1.1820053077E+01     1.1820053078E+01     1.7994692287E-04     6.9856827373E-03     1.0246381521E-09
    4.2200000000E-01     1.1823616265E+01     1.1823616266E+01     1.7638373507E-04     6.9898950790E-03     1.0091341096E-09
    4.2400000000E-01     1.1827108897E+01     1.1827108898E+01     1.7289110311E-04     6.9940252429E-03     9.9383967722E-10
    4.2600000000E-01     1.1830532370E+01     1.1830532371E+01     1.6946762990E-04     6.9980748080E-03     9.7875663130E-10
    4.2800000000E-01     1.1833888054E+01     1.1833888055E+01     1.6611194600E-04     7.0020453237E-03     9.6387964277E-10
    4.3000000000E-01     1.1837177291E+01     1.1837177292E+01     1.6282270910E-04     7.0059383108E-03     9.4920871163E-10
    4.3200000000E-01     1.1840401397E+01     1.1840401397E+01     1.5959860344E-04     7.0097552616E-03     9.3474028517E-10
    4.3400000000E-01     1.1843561661E+01     1.1843561662E+01     1.5643833936E-04     7.0134976405E-03     9.2047436340E-10
    4.3600000000E-01     1.1846659347E+01     1.1846659348E+01     1.5334065270E-04     7.0171668845E-03     9.0640384087E-10
    4.3800000000E-01     1.1849695696E+01     1.1849695697E+01     1.5030430435E-04     7.0207644040E-03     8.9253404667E-10
    4.4000000000E-01     1.1852671920E+01     1.1852671921E+01     1.4732807972E-04     7.0242915825E-03     8.7885432265E-10
    4.4200000000E-01     1.1855589212E+01     1.1855589213E+01     1.4441078828E-04     7.0277497779E-03     8.6536822153E-10
    4.4400000000E-01     1.1858448737E+01     1.1858448738E+01     1.4155126309E-04     7.0311403223E-03     8.5207041423E-10
    4.4600000000E-01     1.1861251640E+01     1.1861251641E+01     1.3874836029E-04     7.0344645230E-03     8.3896090075E-10
    4.4800000000E-01     1.1863999041E+01     1.1863999042E+01     1.3600095868E-04     7.0377236626E-03     8.2603435203E-10
    4.5000000000E-01     1.1866692041E+01     1.1866692042E+01     1.3330795927E-04     7.0409189995E-03     8.1329254442E-10
    4.5200000000E-01     1.1869331715E+01     1.1869331716E+01     1.3066828482E-04     7.0440517682E-03     8.0073192521E-10
    4.5400000000E-01     1.1871919121E+01     1.1871919121E+01     1.2808087943E-04     7.0471231803E-03     7.8834894168E-10
    4.5600000000E-01     1.1874455292E+01     1.1874455293E+01     1.2554470810E-04     7.0501344240E-03     7.7614181748E-10
    4.5800000000E-01     1.1876941244E+01     1.1876941244E+01     1.2305875632E-04     7.0530866653E-03     7.6411055261E-10
    4.6000000000E-01     1.1879377970E+01     1.1879377971E+01     1.2062202969E-04     7.0559810481E-03     7.5224981799E-10
    4.6200000000E-01     1.1881766447E+01     1.1881766447E+01     1.1823355347E-04     7.0588186945E-03     7.4055961363E-10
    4.6400000000E-01     1.1884107628E+01     1.1884107628E+01     1.1589237226E-04     7.0616007054E-03     7.2903816317E-10
    4.6600000000E-01     1.1886402450E+01     1.1886402451E+01     1.1359754954E-04     7.0643281607E-03     7.1768191390E-10
    4.6800000000E-01     1.1888651833E+01     1.1888651833E+01     1.1134816735E-04     7.0670021199E-03     7.0648908945E-10
    4.7000000000E-01     1.1890856674E+01     1.1890856675E+01     1.0914332592E-04     7.0696236222E-03     6.9545968984E-10
    4.7200000000E-01     1.1893017857E+01     1.1893017857E+01     1.0698214327E-04     7.0721936870E-03     6.8459016234E-10
    4.7400000000E-01     1.1895136245E+01     1.1895136246E+01     1.0486375490E-04     7.0747133145E-03     6.7387695424E-10
    4.7600000000E-01     1.1897212687E+01     1.1897212687E+01     1.0278731343E-04     7.0771834855E-03     6.6332006554E-10
    4.7800000000E-01     1.1899248012E+01     1.1899248012E+01     1.0075198826E-04     7.0796051622E-03     6.5291771989E-10
    4.8000000000E-01     1.1901243035E+01     1.1901243035E+01     9.8756965231E-05     7.0819792886E-03     6.4266636457E-10
    4.8200000000E-01     1.1903198554E+01     1.1903198554E+01     9.6801446302E-05     7.0843067904E-03     6.3256599958E-10
    4.8400000000E-01     1.1905115351E+01     1.1905115351E+01     9.4884649242E-05     7.0865885757E-03     6.2261307221E-10
    4.8600000000E-01     1.1906994193E+01     1.1906994193E+01     9.3005807306E-05     7.0888255352E-03     6.1280758246E-10
    4.8800000000E-01     1.1908835831E+01     1.1908835832E+01     9.1164168934E-05     7.0910185426E-03     6.0314420125E-10
    4.9000000000E-01     1.1910641003E+01     1.1910641003E+01     8.9358997445E-05     7.0931684546E-03     5.9362470495E-10
    4.9200000000E-01     1.1912410429E+01     1.1912410430E+01     8.7589570746E-05     7.0952761118E-03     5.8424554084E-10
    4.9400000000E-01     1.1914144819E+01     1.1914144820E+01     8.5855181043E-05     7.0973423384E-03     5.7500493256E-10
    4.9600000000E-01     1.1915844865E+01     1.1915844866E+01     8.4155134557E-05     7.0993679429E-03     5.6589932740E-10
    4.9800000000E-01     1.1917511249E+01     1.1917511249E+01     8.2488751247E-05     7.1013537182E-03     5.5693227807E-10
    5.0000000000E-01     1.1919144635E+01     1.1919144636E+01     8.0855364537E-05     7.1033004421E-03     5.4809667915E-10
