    0.00000000000000E+00    1.00000000000000E+00
    5.00000000000000E-03    9.98727132349322E-01
    1.00000000000000E-02    9.97435292486147E-01
    1.50000000000000E-02    9.96124480410475E-01
    2.00000000000000E-02    9.94794696122306E-01
    2.50000000000000E-02    9.93445939621640E-01
    3.00000000000000E-02    9.92078210908477E-01
    3.50000000000000E-02    9.90691509982816E-01
    4.00000000000000E-02    9.89285836844659E-01
    4.50000000000000E-02    9.87861191494004E-01
    5.00000000000000E-02    9.86417573930852E-01
    5.50000000000000E-02    9.84954984155203E-01
    6.00000000000000E-02    9.83473422167057E-01
    6.50000000000000E-02    9.81972887966413E-01
    7.00000000000000E-02    9.80453381553273E-01
    7.50000000000000E-02    9.78914902927635E-01
    8.00000000000000E-02    9.77357452089501E-01
    8.50000000000000E-02    9.75781029038869E-01
    9.00000000000000E-02    9.74185633775740E-01
    9.50000000000000E-02    9.72571266300114E-01
    1.00000000000000E-01    9.70937926611990E-01
    1.05000000000000E-01    9.69285614711370E-01
    1.10000000000000E-01    9.67614330598252E-01
    1.15000000000000E-01    9.65924074272638E-01
    1.20000000000000E-01    9.64214845734526E-01
    1.25000000000000E-01    9.62486644983917E-01
    1.30000000000000E-01    9.60739472020811E-01
    1.35000000000000E-01    9.58973326845207E-01
    1.40000000000000E-01    9.57188209457107E-01
    1.45000000000000E-01    9.55384119856510E-01
    1.50000000000000E-01    9.53561058043415E-01
    1.55000000000000E-01    9.51719024017823E-01
    1.60000000000000E-01    9.49858017779734E-01
    1.65000000000000E-01    9.47978039329148E-01
    1.70000000000000E-01    9.46079088666065E-01
    1.75000000000000E-01    9.44161165790485E-01
    1.80000000000000E-01    9.42224270702407E-01
    1.85000000000000E-01    9.40268403401833E-01
    1.90000000000000E-01    9.38293563888761E-01
    1.95000000000000E-01    9.36299752163192E-01
    2.00000000000000E-01    9.34286968225126E-01
    2.05000000000000E-01    9.32255212074563E-01
    2.10000000000000E-01    9.30204483711503E-01
    2.15000000000000E-01    9.28134783135945E-01
    2.20000000000000E-01    9.26046110347891E-01
    2.25000000000000E-01    9.23938465347339E-01
    2.30000000000000E-01    9.21811848134290E-01
    2.35000000000000E-01    9.19666258708744E-01
    2.40000000000000E-01    9.17501697070701E-01
    2.45000000000000E-01    9.15318163220161E-01
    2.50000000000000E-01    9.13115657157123E-01
    2.55000000000000E-01    9.10894178881589E-01
    2.60000000000000E-01    9.08653728393557E-01
    2.65000000000000E-01    9.06394305693028E-01
    2.70000000000000E-01    9.04115910780003E-01
    2.75000000000000E-01    9.01818543654479E-01
    2.80000000000000E-01    8.99502204316459E-01
    2.85000000000000E-01    8.97166892765942E-01
    2.90000000000000E-01    8.94812609002927E-01
    2.95000000000000E-01    8.92439353027416E-01
    3.00000000000000E-01    8.90047124839407E-01
    3.05000000000000E-01    8.87635924438901E-01
    3.10000000000000E-01    8.85205751825898E-01
    3.15000000000000E-01    8.82756607000398E-01
    3.20000000000000E-01    8.80288489962400E-01
    3.25000000000000E-01    8.77801400711906E-01
    3.30000000000000E-01    8.75295339248915E-01
    3.35000000000000E-01    8.72770305573426E-01
    3.40000000000000E-01    8.70226299685440E-01
    3.45000000000000E-01    8.67663321584957E-01
    3.50000000000000E-01    8.65081371271977E-01
    3.55000000000000E-01    8.62480448746500E-01
    3.60000000000000E-01    8.59860554008525E-01
    3.65000000000000E-01    8.57221687058054E-01
    3.70000000000000E-01    8.54563847895085E-01
    3.75000000000000E-01    8.51887036519619E-01
    3.80000000000000E-01    8.49191252931656E-01
    3.85000000000000E-01    8.46476497131196E-01
    3.90000000000000E-01    8.43742769118239E-01
    3.95000000000000E-01    8.40990068892785E-01
    4.00000000000000E-01    8.38218396454833E-01
    4.05000000000000E-01    8.35427751804385E-01
    4.10000000000000E-01    8.32618134941439E-01
    4.15000000000000E-01    8.29789545865996E-01
    4.20000000000000E-01    8.26941984578056E-01
    4.25000000000000E-01    8.24075451077619E-01
    4.30000000000000E-01    8.21189945364684E-01
    4.35000000000000E-01    8.18285467439253E-01
    4.40000000000000E-01    8.15362017301325E-01
    4.45000000000000E-01    8.12419594950899E-01
    4.50000000000000E-01    8.09458200387976E-01
    4.55000000000000E-01    8.06477833612556E-01
    4.60000000000000E-01    8.03478494624639E-01
    4.65000000000000E-01    8.00460183424224E-01
    4.70000000000000E-01    7.97422900011313E-01
    4.75000000000000E-01    7.94366644385905E-01
    4.80000000000000E-01    7.91291416547999E-01
    4.85000000000000E-01    7.88197216497596E-01
    4.90000000000000E-01    7.85084044234696E-01
    4.95000000000000E-01    7.81951899759299E-01
    5.00000000000000E-01    7.78800783071405E-01
    5.05000000000000E-01    7.75630694171013E-01
    5.10000000000000E-01    7.72441633058125E-01
    5.15000000000000E-01    7.69233599732739E-01
    5.20000000000000E-01    7.66006594194857E-01
    5.25000000000000E-01    7.62760616444477E-01
    5.30000000000000E-01    7.59495666481600E-01
    5.35000000000000E-01    7.56211744306225E-01
    5.40000000000000E-01    7.52908849918354E-01
    5.45000000000000E-01    7.49586983317986E-01
    5.50000000000000E-01    7.46246144505120E-01
    5.55000000000000E-01    7.42886333479757E-01
    5.60000000000000E-01    7.39507550241898E-01
    5.65000000000000E-01    7.36109794791540E-01
    5.70000000000000E-01    7.32693067128687E-01
    5.75000000000000E-01    7.29257367253335E-01
    5.80000000000000E-01    7.25802695165487E-01
    5.85000000000000E-01    7.22329050865141E-01
    5.90000000000000E-01    7.18836434352298E-01
    5.95000000000000E-01    7.15324845626959E-01
    6.00000000000000E-01    7.11794284689122E-01
    6.05000000000000E-01    7.08244751538788E-01
    6.10000000000000E-01    7.04676246175956E-01
    6.15000000000000E-01    7.01088768600628E-01
    6.20000000000000E-01    6.97482318812802E-01
    6.25000000000000E-01    6.93856896812480E-01
    6.30000000000000E-01    6.90212502599660E-01
    6.35000000000000E-01    6.86549136174343E-01
    6.40000000000000E-01    6.82866797536529E-01
    6.45000000000000E-01    6.79165486686218E-01
    6.50000000000000E-01    6.75445203623410E-01
    6.55000000000000E-01    6.71705948348104E-01
    6.60000000000000E-01    6.67947720860302E-01
    6.65000000000000E-01    6.64170521160002E-01
    6.70000000000000E-01    6.60374349247205E-01
    6.75000000000000E-01    6.56559205121911E-01
    6.80000000000000E-01    6.52725088784120E-01
    6.85000000000000E-01    6.48872000233832E-01
    6.90000000000000E-01    6.44999939471046E-01
    6.95000000000000E-01    6.41108906495764E-01
    7.00000000000000E-01    6.37198901307984E-01
    7.05000000000000E-01    6.33269923907707E-01
    7.10000000000000E-01    6.29321974294933E-01
    7.15000000000000E-01    6.25355052469662E-01
    7.20000000000000E-01    6.21369158431894E-01
    7.25000000000000E-01    6.17364292181628E-01
    7.30000000000000E-01    6.13340453718866E-01
    7.35000000000000E-01    6.09297643043606E-01
    7.40000000000000E-01    6.05235860155850E-01
    7.45000000000000E-01    6.01155105055596E-01
    7.50000000000000E-01    5.97055377742844E-01
    7.55000000000000E-01    5.92936678217596E-01
    7.60000000000000E-01    5.88799006479851E-01
    7.65000000000000E-01    5.84642362529609E-01
    7.70000000000000E-01    5.80466746366869E-01
    7.75000000000000E-01    5.76272157991632E-01
    7.80000000000000E-01    5.72058597403898E-01
    7.85000000000000E-01    5.67826064603667E-01
    7.90000000000000E-01    5.63574559590939E-01
    7.95000000000000E-01    5.59304082365714E-01
    8.00000000000000E-01    5.55014632927991E-01
    8.05000000000000E-01    5.50706211277772E-01
    8.10000000000000E-01    5.46378817415055E-01
    8.15000000000000E-01    5.42032451339841E-01
    8.20000000000000E-01    5.37667113052130E-01
    8.25000000000000E-01    5.33282802551922E-01
    8.30000000000000E-01    5.28879519839217E-01
    8.35000000000000E-01    5.24457264914015E-01
    8.40000000000000E-01    5.20016037776315E-01
    8.45000000000000E-01    5.15555838426119E-01
    8.50000000000000E-01    5.11076666863425E-01
    8.55000000000000E-01    5.06578523088234E-01
    8.60000000000000E-01    5.02061407100546E-01
    8.65000000000000E-01    4.97525318900360E-01
    8.70000000000000E-01    4.92970258487678E-01
    8.75000000000000E-01    4.88396225862499E-01
    8.80000000000000E-01    4.83803221024822E-01
    8.85000000000000E-01    4.79191243974648E-01
    8.90000000000000E-01    4.74560294711977E-01
    8.95000000000000E-01    4.69910373236809E-01
    9.00000000000000E-01    4.65241479549144E-01
    9.05000000000000E-01    4.60553613648982E-01
    9.10000000000000E-01    4.55846775536323E-01
    9.15000000000000E-01    4.51120965211166E-01
    9.20000000000000E-01    4.46376182673512E-01
    9.25000000000000E-01    4.41612427923361E-01
    9.30000000000000E-01    4.36829700960713E-01
    9.35000000000000E-01    4.32028001785568E-01
    9.40000000000000E-01    4.27207330397926E-01
    9.45000000000000E-01    4.22367686797787E-01
    9.50000000000000E-01    4.17509070985150E-01
    9.55000000000000E-01    4.12631482960017E-01
    9.60000000000000E-01    4.07734922722386E-01
    9.65000000000000E-01    4.02819390272258E-01
    9.70000000000000E-01    3.97884885609633E-01
    9.75000000000000E-01    3.92931408734510E-01
    9.80000000000000E-01    3.87958959646891E-01
    9.85000000000000E-01    3.82967538346775E-01
    9.90000000000000E-01    3.77957144834161E-01
    9.95000000000000E-01    3.72927779109050E-01
    1.00000000000000E+00    3.67879441171442E-01
