    0.00000000000000E+00    0.00000000000000E+00    0.00000000000000E+00
    3.75000000000000E-03    6.70519516900416E-03    7.49149701106908E-03
    7.50000000000000E-03    1.34099605955868E-02    1.49657267108056E-02
    1.12500000000000E-02    2.01138665373264E-02    2.24222985073084E-02
    1.50000000000000E-02    2.68164832518014E-02    2.98608237009794E-02
    1.87500000000000E-02    3.35173809965903E-02    3.72809155026007E-02
    2.25000000000000E-02    4.02161300292717E-02    4.46821890512635E-02
    2.62500000000000E-02    4.69123006074239E-02    5.20642614321439E-02
    3.00000000000000E-02    5.36054629886254E-02    5.94267516941284E-02
    3.37500000000000E-02    6.02951874304548E-02    6.67692808672863E-02
    3.75000000000000E-02    6.69810441904905E-02    7.40914719801888E-02
    4.12500000000000E-02    7.36626035263109E-02    8.13929500770753E-02
    4.50000000000000E-02    8.03394356954946E-02    8.86733422348643E-02
    4.87500000000000E-02    8.70111109556201E-02    9.59322775800097E-02
    5.25000000000000E-02    9.36771995642658E-02    1.03169387305202E-01
    5.62500000000000E-02    1.00337271779010E-01    1.10384304685911E-01
    6.00000000000000E-02    1.06990897857432E-01    1.17576665096776E-01
    6.37500000000000E-02    1.13637648057109E-01    1.24746106027835E-01
    6.75000000000000E-02    1.20277092635620E-01    1.31892267100594E-01
    7.12500000000000E-02    1.26908801850544E-01    1.39014790083947E-01
    7.50000000000000E-02    1.33532345959459E-01    1.46113318909923E-01
    7.87500000000000E-02    1.40147295219944E-01    1.53187499689286E-01
    8.25000000000000E-02    1.46753219889576E-01    1.60236980726968E-01
    8.62500000000000E-02    1.53349690225936E-01    1.67261412537341E-01
    9.00000000000000E-02    1.59936276486600E-01    1.74260447859333E-01
    9.37500000000000E-02    1.66512548929147E-01    1.81233741671375E-01
    9.75000000000000E-02    1.73078077811157E-01    1.88180951206194E-01
    1.01250000000000E-01    1.79632433390207E-01    1.95101735965435E-01
    1.05000000000000E-01    1.86175185923876E-01    2.01995757734123E-01
    1.08750000000000E-01    1.92705905669742E-01    2.08862680594966E-01
    1.12500000000000E-01    1.99224162885384E-01    2.15702170942486E-01
    1.16250000000000E-01    2.05729527828381E-01    2.22513897496991E-01
    1.20000000000000E-01    2.12221570756310E-01    2.29297531318380E-01
    1.23750000000000E-01    2.18699861926751E-01    2.36052745819781E-01
    1.27500000000000E-01    2.25163971597281E-01    2.42779216781026E-01
    1.31250000000000E-01    2.31613470025480E-01    2.49476622361961E-01
    1.35000000000000E-01    2.38047927468925E-01    2.56144643115580E-01
    1.38750000000000E-01    2.44466914185196E-01    2.62782962001009E-01
    1.42500000000000E-01    2.50870000431870E-01    2.69391264396302E-01
    1.46250000000000E-01    2.57256756466527E-01    2.75969238111088E-01
    1.50000000000000E-01    2.63626752546744E-01    2.82516573399038E-01
    1.53750000000000E-01    2.69979558930100E-01    2.89032962970166E-01
    1.57500000000000E-01    2.76314745874174E-01    2.95518102002965E-01
    1.61250000000000E-01    2.82631883636544E-01    3.01971688156371E-01
    1.65000000000000E-01    2.88930542474789E-01    3.08393421581556E-01
    1.68750000000000E-01    2.95210292646486E-01    3.14783004933558E-01
    1.72500000000000E-01    3.01470704409216E-01    3.21140143382729E-01
    1.76250000000000E-01    3.07711348020555E-01    3.27464544626026E-01
    1.80000000000000E-01    3.13931793738082E-01    3.33755918898124E-01
    1.83750000000000E-01    3.20131611819377E-01    3.40013978982360E-01
    1.87500000000000E-01    3.26310372522017E-01    3.46238440221503E-01
    1.91250000000000E-01    3.32467646103581E-01    3.52429020528360E-01
    1.95000000000000E-01    3.38603002821647E-01    3.58585440396201E-01
    1.98750000000000E-01    3.44716012933794E-01    3.64707422909024E-01
    2.02500000000000E-01    3.50806246697601E-01    3.70794693751634E-01
    2.06250000000000E-01    3.56873274370645E-01    3.76846981219563E-01
    2.10000000000000E-01    3.62916666210506E-01    3.82864016228808E-01
    2.13750000000000E-01    3.68935992474761E-01    3.88845532325404E-01
    2.17500000000000E-01    3.74930823420990E-01    3.94791265694819E-01
    2.21250000000000E-01    3.80900729306770E-01    4.00700955171181E-01
    2.25000000000000E-01    3.86845280389681E-01    4.06574342246323E-01
    2.28750000000000E-01    3.92764046927300E-01    4.12411171078670E-01
    2.32500000000000E-01    3.98656599177206E-01    4.18211188501937E-01
    2.36250000000000E-01    4.04522507396979E-01    4.23974144033664E-01
    2.40000000000000E-01    4.10361341844195E-01    4.29699789883576E-01
    2.43750000000000E-01    4.16172672776434E-01    4.35387880961765E-01
    2.47500000000000E-01    4.21956070451274E-01    4.41038174886704E-01
    2.51250000000000E-01    4.27711105126293E-01    4.46650431993083E-01
    2.55000000000000E-01    4.33437347059071E-01    4.52224415339475E-01
    2.58750000000000E-01    4.39134366507185E-01    4.57759890715826E-01
    2.62500000000000E-01    4.44801733728214E-01    4.63256626650771E-01
    2.66250000000000E-01    4.50439018979736E-01    4.68714394418778E-01
    2.70000000000000E-01    4.56045792519331E-01    4.74132968047119E-01
    2.73750000000000E-01    4.61621624604576E-01    4.79512124322660E-01
    2.77500000000000E-01    4.67166085493050E-01    4.84851642798491E-01
    2.81250000000000E-01    4.72678745442331E-01    4.90151305800364E-01
    2.85000000000000E-01    4.78159174709998E-01    4.95410898432975E-01
    2.88750000000000E-01    4.83606943553629E-01    5.00630208586062E-01
    2.92500000000000E-01    4.89021622230804E-01    5.05809026940328E-01
    2.96250000000000E-01    4.94402780999099E-01    5.10947146973200E-01
    3.00000000000000E-01    4.99749990116095E-01    5.16044364964403E-01
    3.03750000000000E-01    5.05062819839368E-01    5.21100480001368E-01
    3.07500000000000E-01    5.10340840426499E-01    5.26115293984467E-01
    3.11250000000000E-01    5.15583622135064E-01    5.31088611632066E-01
    3.15000000000000E-01    5.20790735222643E-01    5.36020240485416E-01
    3.18750000000000E-01    5.25961749946815E-01    5.40909990913362E-01
    3.22500000000000E-01    5.31096236565157E-01    5.45757676116886E-01
    3.26250000000000E-01    5.36193765335248E-01    5.50563112133470E-01
    3.30000000000000E-01    5.41253906514667E-01    5.55326117841291E-01
    3.33750000000000E-01    5.46276230360992E-01    5.60046514963245E-01
    3.37500000000000E-01    5.51260307131801E-01    5.64724128070791E-01
    3.41250000000000E-01    5.56205707084674E-01    5.69358784587630E-01
    3.45000000000000E-01    5.61112000477188E-01    5.73950314793212E-01
    3.48750000000000E-01    5.65978757566922E-01    5.78498551826061E-01
    3.52500000000000E-01    5.70805548611454E-01    5.83003331686943E-01
    3.56250000000000E-01    5.75591943868364E-01    5.87464493241851E-01
    3.60000000000000E-01    5.80337513595228E-01    5.91881878224824E-01
    3.63750000000000E-01    5.85041828049627E-01    5.96255331240595E-01
    3.67500000000000E-01    5.89704457489138E-01    6.00584699767062E-01
    3.71250000000000E-01    5.94324972171340E-01    6.04869834157600E-01
    3.75000000000000E-01    5.98902942353812E-01    6.09110587643189E-01
    3.78750000000000E-01    6.03437938294131E-01    6.13306816334385E-01
    3.82500000000000E-01    6.07929530249876E-01    6.17458379223109E-01
    3.86250000000000E-01    6.12377288478627E-01    6.21565138184276E-01
    3.90000000000000E-01    6.16780783237960E-01    6.25626957977249E-01
    3.93750000000000E-01    6.21139584785456E-01    6.29643706247127E-01
    3.97500000000000E-01    6.25453263378691E-01    6.33615253525864E-01
    4.01250000000000E-01    6.29721389275245E-01    6.37541473233217E-01
    4.05000000000000E-01    6.33943532732696E-01    6.41422241677529E-01
    4.08750000000000E-01    6.38119264008623E-01    6.45257438056343E-01
    4.12500000000000E-01    6.42248153360605E-01    6.49046944456847E-01
    4.16250000000000E-01    6.46329771046218E-01    6.52790645856159E-01
    4.20000000000000E-01    6.50363687323043E-01    6.56488430121434E-01
    4.23750000000000E-01    6.54349472448657E-01    6.60140188009814E-01
    4.27500000000000E-01    6.58286696680640E-01    6.63745813168208E-01
    4.31250000000000E-01    6.62174930276569E-01    6.67305202132909E-01
    4.35000000000000E-01    6.66013743494023E-01    6.70818254329042E-01
    4.38750000000000E-01    6.69802706590580E-01    6.74284872069851E-01
    4.42500000000000E-01    6.73541389823819E-01    6.77704960555819E-01
    4.46250000000000E-01    6.77229363451319E-01    6.81078427873627E-01
    4.50000000000000E-01    6.80866197730658E-01    6.84405184994947E-01
    4.53750000000000E-01    6.84451462919414E-01    6.87685145775072E-01
    4.57500000000000E-01    6.87984729275166E-01    6.90918226951385E-01
    4.61250000000000E-01    6.91465567055492E-01    6.94104348141665E-01
    4.65000000000000E-01    6.94893546517971E-01    6.97243431842232E-01
    4.68750000000000E-01    6.98268237920182E-01    7.00335403425929E-01
    4.72500000000000E-01    7.01589211519702E-01    7.03380191139946E-01
    4.76250000000000E-01    7.04856037574110E-01    7.06377726103480E-01
    4.80000000000000E-01    7.08068286340985E-01    7.09327942305240E-01
    4.83750000000000E-01    7.11225528077906E-01    7.12230776600788E-01
    4.87500000000000E-01    7.14327333042450E-01    7.15086168709727E-01
    4.91250000000000E-01    7.17373271492196E-01    7.17894061212721E-01
    4.95000000000000E-01    7.20362913684723E-01    7.20654399548372E-01
    4.98750000000000E-01    7.23295829877609E-01    7.23367132009923E-01
    5.02500000000000E-01    7.26171620797336E-01    7.26032209741819E-01
    5.06250000000000E-01    7.28990241371389E-01    7.28649586736105E-01
    5.10000000000000E-01    7.31751875044027E-01    7.31219219828664E-01
    5.13750000000000E-01    7.34456709068125E-01    7.33741068695313E-01
    5.17500000000000E-01    7.37104930696555E-01    7.36215095847731E-01
    5.21250000000000E-01    7.39696727182190E-01    7.38641266629243E-01
    5.25000000000000E-01    7.42232285777905E-01    7.41019549210446E-01
    5.28750000000000E-01    7.44711793736572E-01    7.43349914584680E-01
    5.32500000000000E-01    7.47135438311064E-01    7.45632336563357E-01
    5.36250000000000E-01    7.49503406754255E-01    7.47866791771126E-01
    5.40000000000000E-01    7.51815886319018E-01    7.50053259640897E-01
    5.43750000000000E-01    7.54073064258226E-01    7.52191722408708E-01
    5.47500000000000E-01    7.56275127824752E-01    7.54282165108449E-01
    5.51250000000000E-01    7.58422264271471E-01    7.56324575566432E-01
    5.55000000000000E-01    7.60514660851254E-01    7.58318944395813E-01
    5.58750000000000E-01    7.62552504816976E-01    7.60265264990872E-01
    5.62500000000000E-01    7.64535983421509E-01    7.62163533521137E-01
    5.66250000000000E-01    7.66465283917727E-01    7.64013748925371E-01
    5.70000000000000E-01    7.68340593558503E-01    7.65815912905408E-01
    5.73750000000000E-01    7.70162099596710E-01    7.67570029919842E-01
    5.77500000000000E-01    7.71929989285222E-01    7.69276107177581E-01
    5.81250000000000E-01    7.73644449876912E-01    7.70934154631246E-01
    5.85000000000000E-01    7.75305668624653E-01    7.72544184970438E-01
    5.88750000000000E-01    7.76913832781318E-01    7.74106213614853E-01
    5.92500000000000E-01    7.78469129599781E-01    7.75620258707262E-01
    5.96250000000000E-01    7.79971746332915E-01    7.77086341106351E-01
    6.00000000000000E-01    7.81421870233593E-01    7.78504484379414E-01
    6.03750000000000E-01    7.82819688554688E-01    7.79874714794917E-01
    6.07500000000000E-01    7.84165388549075E-01    7.81197061314913E-01
    6.11250000000000E-01    7.85459157469625E-01    7.82471555587329E-01
    6.15000000000000E-01    7.86701182569212E-01    7.83698231938107E-01
    6.18750000000000E-01    7.87891651100710E-01    7.84877127363214E-01
    6.22500000000000E-01    7.89030750316991E-01    7.86008281520521E-01
    6.26250000000000E-01    7.90118667470930E-01    7.87091736721536E-01
    6.30000000000000E-01    7.91155589815399E-01    7.88127537923009E-01
    6.33750000000000E-01    7.92141704603271E-01    7.89115732718409E-01
    6.37500000000000E-01    7.93077199087420E-01    7.90056371329261E-01
    6.41250000000000E-01    7.93962260520719E-01    7.90949506596354E-01
    6.45000000000000E-01    7.94797076156042E-01    7.91795193970817E-01
    6.48750000000000E-01    7.95581833246261E-01    7.92593491505072E-01
    6.52500000000000E-01    7.96316719044250E-01    7.93344459843646E-01
    6.56250000000000E-01    7.97001920802882E-01    7.94048162213867E-01
    6.60000000000000E-01    7.97637625775030E-01    7.94704664416421E-01
    6.63750000000000E-01    7.98224021213568E-01    7.95314034815793E-01
    6.67500000000000E-01    7.98761294371369E-01    7.95876344330577E-01
    6.71250000000000E-01    7.99249632501306E-01    7.96391666423656E-01
    6.75000000000000E-01    7.99689222856253E-01    7.96860077092272E-01
    6.78750000000000E-01    8.00080252689082E-01    7.97281654857956E-01
    6.82500000000000E-01    8.00422909252667E-01    7.97656480756347E-01
    6.86250000000000E-01    8.00717379799881E-01    7.97984638326889E-01
    6.90000000000000E-01    8.00963851583598E-01    7.98266213602397E-01
    6.93750000000000E-01    8.01162511856691E-01    7.98501295098518E-01
    6.97500000000000E-01    8.01313547872032E-01    7.98689973803061E-01
    7.01250000000000E-01    8.01417146882496E-01    7.98832343165216E-01
    7.05000000000000E-01    8.01473496140955E-01    7.98928499084653E-01
    7.08750000000000E-01    8.01482782900283E-01    7.98978539900503E-01
    7.12500000000000E-01    8.01445194413353E-01    7.98982566380228E-01
    7.16250000000000E-01    8.01360917933039E-01    7.98940681708374E-01
    7.20000000000000E-01    8.01230140712213E-01    7.98852991475210E-01
    7.23750000000000E-01    8.01053050003748E-01    7.98719603665255E-01
    7.27500000000000E-01    8.00829833060519E-01    7.98540628645694E-01
    7.31250000000000E-01    8.00560677135398E-01    7.98316179154682E-01
    7.35000000000000E-01    8.00245769481259E-01    7.98046370289536E-01
    7.38750000000000E-01    7.99885297350975E-01    7.97731319494825E-01
    7.42500000000000E-01    7.99479447997419E-01    7.97371146550344E-01
    7.46250000000000E-01    7.99028408673464E-01    7.96965973558986E-01
    7.50000000000000E-01    7.98532366631984E-01    7.96515924934505E-01
    7.53750000000000E-01    7.97991509125852E-01    7.96021127389174E-01
    7.57500000000000E-01    7.97406023407941E-01    7.95481709921340E-01
    7.61250000000000E-01    7.96776096731124E-01    7.94897803802878E-01
    7.65000000000000E-01    7.96101916348276E-01    7.94269542566536E-01
    7.68750000000000E-01    7.95383669512268E-01    7.93597061993181E-01
    7.72500000000000E-01    7.94621543475974E-01    7.92880500098951E-01
    7.76250000000000E-01    7.93815725492268E-01    7.92119997122299E-01
    7.80000000000000E-01    7.92966402814023E-01    7.91315695510940E-01
    7.83750000000000E-01    7.92073762694112E-01    7.90467739908705E-01
    7.87500000000000E-01    7.91137992385408E-01    7.89576277142295E-01
    7.91250000000000E-01    7.90159279140784E-01    7.88641456207937E-01
    7.95000000000000E-01    7.89137810213115E-01    7.87663428257952E-01
    7.98750000000000E-01    7.88073772855272E-01    7.86642346587223E-01
    8.02500000000000E-01    7.86967354320130E-01    7.85578366619574E-01
    8.06250000000000E-01    7.85818741860561E-01    7.84471645894053E-01
    8.10000000000000E-01    7.84628122729440E-01    7.83322344051132E-01
    8.13750000000000E-01    7.83395684179638E-01    7.82130622818811E-01
    8.17500000000000E-01    7.82121613464030E-01    7.80896645998633E-01
    8.21250000000000E-01    7.80806097835488E-01    7.79620579451613E-01
    8.25000000000000E-01    7.79449324546887E-01    7.78302591084087E-01
    8.28750000000000E-01    7.78051480851098E-01    7.76942850833459E-01
    8.32500000000000E-01    7.76612754000996E-01    7.75541530653882E-01
    8.36250000000000E-01    7.75133331249454E-01    7.74098804501841E-01
    8.40000000000000E-01    7.73613399849344E-01    7.72614848321660E-01
    8.43750000000000E-01    7.72053147053541E-01    7.71089840030929E-01
    8.47500000000000E-01    7.70452760114918E-01    7.69523959505845E-01
    8.51250000000000E-01    7.68812426286347E-01    7.67917388566476E-01
    8.55000000000000E-01    7.67132332820702E-01    7.66270310961948E-01
    8.58750000000000E-01    7.65412666970856E-01    7.64582912355551E-01
    8.62500000000000E-01    7.63653615989683E-01    7.62855380309773E-01
    8.66250000000000E-01    7.61855367130056E-01    7.61087904271255E-01
    8.70000000000000E-01    7.60018107644848E-01    7.59280675555671E-01
    8.73750000000000E-01    7.58142024786932E-01    7.57433887332538E-01
    8.77500000000000E-01    7.56227305809182E-01    7.55547734609951E-01
    8.81250000000000E-01    7.54274137964470E-01    7.53622414219250E-01
    8.85000000000000E-01    7.52282708505671E-01    7.51658124799608E-01
    8.88750000000000E-01    7.50253204685657E-01    7.49655066782563E-01
    8.92500000000000E-01    7.48185813757302E-01    7.47613442376472E-01
    8.96250000000000E-01    7.46080722973478E-01    7.45533455550899E-01
    9.00000000000000E-01    7.43938119587060E-01    7.43415312020939E-01
    9.03750000000000E-01    7.41758190850920E-01    7.41259219231481E-01
    9.07500000000000E-01    7.39541124017932E-01    7.39065386341395E-01
    9.11250000000000E-01    7.37287106340969E-01    7.36834024207671E-01
    9.15000000000000E-01    7.34996325072904E-01    7.34565345369483E-01
    9.18750000000000E-01    7.32668967466611E-01    7.32259564032200E-01
    9.22500000000000E-01    7.30305220774962E-01    7.29916896051336E-01
    9.26250000000000E-01    7.27905272250831E-01    7.27537558916439E-01
    9.30000000000000E-01    7.25469309147092E-01    7.25121771734924E-01
    9.33750000000000E-01    7.22997518716617E-01    7.22669755215848E-01
    9.37500000000000E-01    7.20490088212280E-01    7.20181731653632E-01
    9.41250000000000E-01    7.17947204886954E-01    7.17657924911728E-01
    9.45000000000000E-01    7.15369055993512E-01    7.15098560406227E-01
    9.48750000000000E-01    7.12755828784828E-01    7.12503865089424E-01
    9.52500000000000E-01    7.10107710513774E-01    7.09874067433325E-01
    9.56250000000000E-01    7.07424888433225E-01    7.07209397413105E-01
    9.60000000000000E-01    7.04707549796053E-01    7.04510086490517E-01
    9.63750000000000E-01    7.01955881855132E-01    7.01776367597258E-01
    9.67500000000000E-01    6.99170071863335E-01    6.99008475118276E-01
    9.71250000000000E-01    6.96350307073535E-01    6.96206644875042E-01
    9.75000000000000E-01    6.93496774738605E-01    6.93371114108776E-01
    9.78750000000000E-01    6.90609662111419E-01    6.90502121463621E-01
    9.82500000000000E-01    6.87689156444849E-01    6.87599906969784E-01
    9.86250000000000E-01    6.84735444991770E-01    6.84664712026628E-01
    9.90000000000000E-01    6.81748715005055E-01    6.81696779385730E-01
    9.93750000000000E-01    6.78729153737576E-01    6.78696353133891E-01
    9.97500000000000E-01    6.75676948442207E-01    6.75663678676115E-01
    1.00125000000000E+00    6.72592287024708E-01    6.72599002718549E-01
    1.00500000000000E+00    6.69475396564008E-01    6.69502573251381E-01
    1.00875000000000E+00    6.66326564857451E-01    6.66374639531711E-01
    1.01250000000000E+00    6.63146084925471E-01    6.63215452066382E-01
    1.01625000000000E+00    6.59934249788502E-01    6.60025262594780E-01
    1.02000000000000E+00    6.56691352466976E-01    6.56804324071599E-01
    1.02375000000000E+00    6.53417685981328E-01    6.53552890649581E-01
    1.02750000000000E+00    6.50113543351990E-01    6.50271217662220E-01
    1.03125000000000E+00    6.46779217599397E-01    6.46959561606439E-01
    1.03500000000000E+00    6.43415001743981E-01    6.43618180125239E-01
    1.03875000000000E+00    6.40021188806177E-01    6.40247331990322E-01
    1.04250000000000E+00    6.36598071806417E-01    6.36847277084692E-01
    1.04625000000000E+00    6.33145943765136E-01    6.33418276385217E-01
    1.05000000000000E+00    6.29665097702766E-01    6.29960591945187E-01
    1.05375000000000E+00    6.26155826639741E-01    6.26474486876834E-01
    1.05750000000000E+00    6.22618423596495E-01    6.22960225333838E-01
    1.06125000000000E+00    6.19053181593460E-01    6.19418072493811E-01
    1.06500000000000E+00    6.15460393651072E-01    6.15848294540760E-01
    1.06875000000000E+00    6.11840352789762E-01    6.12251158647533E-01
    1.07250000000000E+00    6.08193352029965E-01    6.08626932958247E-01
    1.07625000000000E+00    6.04519684392113E-01    6.04975886570702E-01
    1.08000000000000E+00    6.00819642896641E-01    6.01298289518775E-01
    1.08375000000000E+00    5.97093520563983E-01    5.97594412754804E-01
    1.08750000000000E+00    5.93341610414570E-01    5.93864528131959E-01
    1.09125000000000E+00    5.89564205468837E-01    5.90108908386594E-01
    1.09500000000000E+00    5.85761598747218E-01    5.86327827120601E-01
    1.09875000000000E+00    5.81934083270145E-01    5.82521558783738E-01
    1.10250000000000E+00    5.78081952058053E-01    5.78690378655961E-01
    1.10625000000000E+00    5.74205498131374E-01    5.74834562829744E-01
    1.11000000000000E+00    5.70305014510543E-01    5.70954388192386E-01
    1.11375000000000E+00    5.66380794215993E-01    5.67050132408323E-01
    1.11750000000000E+00    5.62433130268156E-01    5.63122073901427E-01
    1.12125000000000E+00    5.58462315687468E-01    5.59170491837300E-01
    1.12500000000000E+00    5.54468643494360E-01    5.55195666105578E-01
    1.12875000000000E+00    5.50452406709267E-01    5.51197877302212E-01
    1.13250000000000E+00    5.46413898352622E-01    5.47177406711770E-01
    1.13625000000000E+00    5.42353411444858E-01    5.43134536289724E-01
    1.14000000000000E+00    5.38271239006410E-01    5.39069548644747E-01
    1.14375000000000E+00    5.34167674057710E-01    5.34982727021005E-01
    1.14750000000000E+00    5.30043009619192E-01    5.30874355280459E-01
    1.15125000000000E+00    5.25897538711290E-01    5.26744717885168E-01
    1.15500000000000E+00    5.21731554354437E-01    5.22594099879597E-01
    1.15875000000000E+00    5.17545349569066E-01    5.18422786872934E-01
    1.16250000000000E+00    5.13339217375611E-01    5.14231065021408E-01
    1.16625000000000E+00    5.09113450794505E-01    5.10019221010625E-01
    1.17000000000000E+00    5.04868342846182E-01    5.05787542037905E-01
    1.17375000000000E+00    5.00604186551075E-01    5.01536315794633E-01
    1.17750000000000E+00    4.96321274929618E-01    4.97265830448619E-01
    1.18125000000000E+00    4.92019901002245E-01    4.92976374626474E-01
    1.18500000000000E+00    4.87700357789388E-01    4.88668237395997E-01
    1.18875000000000E+00    4.83362938311481E-01    4.84341708248573E-01
    1.19250000000000E+00    4.79007935588958E-01    4.79997077081595E-01
    1.19625000000000E+00    4.74635642642253E-01    4.75634634180892E-01
    1.20000000000000E+00    4.70246352491798E-01    4.71254670203181E-01
    1.20375000000000E+00    4.65840358158027E-01    4.66857476158533E-01
    1.20750000000000E+00    4.61417952661373E-01    4.62443343392864E-01
    1.21125000000000E+00    4.56979429022271E-01    4.58012563570440E-01
    1.21500000000000E+00    4.52525080261153E-01    4.53565428656402E-01
    1.21875000000000E+00    4.48055199398453E-01    4.49102230899323E-01
    1.22250000000000E+00    4.43570079454605E-01    4.44623262813775E-01
    1.22625000000000E+00    4.39070013450042E-01    4.40128817162929E-01
    1.23000000000000E+00    4.34555294405197E-01    4.35619186941176E-01
    1.23375000000000E+00    4.30026215340504E-01    4.31094665356776E-01
    1.23750000000000E+00    4.25483069276396E-01    4.26555545814529E-01
    1.24125000000000E+00    4.20926149233308E-01    4.22002121898482E-01
    1.24500000000000E+00    4.16355748231672E-01    4.17434687354654E-01
    1.24875000000000E+00    4.11772159291921E-01    4.12853536073799E-01
    1.25250000000000E+00    4.07175675434490E-01    4.08258962074199E-01
    1.25625000000000E+00    4.02566589679812E-01    4.03651259484479E-01
    1.26000000000000E+00    3.97945195048319E-01    3.99030722526468E-01
    1.26375000000000E+00    3.93311784560447E-01    3.94397645498083E-01
    1.26750000000000E+00    3.88666651236628E-01    3.89752322756250E-01
    1.27125000000000E+00    3.84010088097295E-01    3.85095048699861E-01
    1.27500000000000E+00    3.79342388162883E-01    3.80426117752767E-01
    1.27875000000000E+00    3.74663844453824E-01    3.75745824346808E-01
    1.28250000000000E+00    3.69974749990552E-01    3.71054462904875E-01
    1.28625000000000E+00    3.65275397793501E-01    3.66352327824021E-01
    1.29000000000000E+00    3.60566080883104E-01    3.61639713458602E-01
    1.29375000000000E+00    3.55847092279795E-01    3.56916914103465E-01
    1.29750000000000E+00    3.51118725004006E-01    3.52184223977170E-01
    1.30125000000000E+00    3.46381272076172E-01    3.47441937205264E-01
    1.30500000000000E+00    3.41635026516726E-01    3.42690347803588E-01
    1.30875000000000E+00    3.36880281346102E-01    3.37929749661633E-01
    1.31250000000000E+00    3.32117329584732E-01    3.33160436525940E-01
    1.31625000000000E+00    3.27346464253051E-01    3.28382701983550E-01
    1.32000000000000E+00    3.22567978371491E-01    3.23596839445485E-01
    1.32375000000000E+00    3.17782164960487E-01    3.18803142130297E-01
    1.32750000000000E+00    3.12989317040472E-01    3.14001903047651E-01
    1.33125000000000E+00    3.08189727631879E-01    3.09193414981961E-01
    1.33500000000000E+00    3.03383689755142E-01    3.04377970476077E-01
    1.33875000000000E+00    2.98571496430694E-01    2.99555861815016E-01
    1.34250000000000E+00    2.93753440678968E-01    2.94727381009756E-01
    1.34625000000000E+00    2.88929815520399E-01    2.89892819781075E-01
    1.35000000000000E+00    2.84100913975420E-01    2.85052469543437E-01
    1.35375000000000E+00    2.79267029064463E-01    2.80206621388946E-01
    1.35750000000000E+00    2.74428453807964E-01    2.75355566071345E-01
    1.36125000000000E+00    2.69585481226354E-01    2.70499593990069E-01
    1.36500000000000E+00    2.64738404340068E-01    2.65638995174362E-01
    1.36875000000000E+00    2.59887516169539E-01    2.60774059267445E-01
    1.37250000000000E+00    2.55033109735200E-01    2.55905075510742E-01
    1.37625000000000E+00    2.50175478057486E-01    2.51032332728168E-01
    1.38000000000000E+00    2.45314914156829E-01    2.46156119310474E-01
    1.38375000000000E+00    2.40451711053663E-01    2.41276723199650E-01
    1.38750000000000E+00    2.35586161768421E-01    2.36394431873394E-01
    1.39125000000000E+00    2.30718559321537E-01    2.31509532329639E-01
    1.39500000000000E+00    2.25849196733445E-01    2.26622311071140E-01
    1.39875000000000E+00    2.20978367024577E-01    2.21733054090133E-01
    1.40250000000000E+00    2.16106363215368E-01    2.16842046853045E-01
    1.40625000000000E+00    2.11233478326250E-01    2.11949574285281E-01
    1.41000000000000E+00    2.06360005377658E-01    2.07055920756070E-01
    1.41375000000000E+00    2.01486237390025E-01    2.02161370063374E-01
    1.41750000000000E+00    1.96612467383784E-01    1.97266205418870E-01
    1.42125000000000E+00    1.91738988379368E-01    1.92370709433001E-01
    1.42500000000000E+00    1.86866093397212E-01    1.87475164100081E-01
    1.42875000000000E+00    1.81994075457748E-01    1.82579850783491E-01
    1.43250000000000E+00    1.77123227581410E-01    1.77685050200922E-01
    1.43625000000000E+00    1.72253842788632E-01    1.72791042409706E-01
    1.44000000000000E+00    1.67386214099847E-01    1.67898106792208E-01
    1.44375000000000E+00    1.62520634535489E-01    1.63006522041290E-01
    1.44750000000000E+00    1.57657397115991E-01    1.58116566145854E-01
    1.45125000000000E+00    1.52796794861786E-01    1.53228516376450E-01
    1.45500000000000E+00    1.47939120793308E-01    1.48342649270963E-01
    1.45875000000000E+00    1.43084667930991E-01    1.43459240620370E-01
    1.46250000000000E+00    1.38233729295267E-01    1.38578565454579E-01
    1.46625000000000E+00    1.33386597906571E-01    1.33700898028334E-01
    1.47000000000000E+00    1.28543566785336E-01    1.28826511807202E-01
    1.47375000000000E+00    1.23704928951995E-01    1.23955679453637E-01
    1.47750000000000E+00    1.18870977426982E-01    1.19088672813121E-01
    1.48125000000000E+00    1.14042005230730E-01    1.14225762900382E-01
    1.48500000000000E+00    1.09218305383673E-01    1.09367219885688E-01
    1.48875000000000E+00    1.04400170906245E-01    1.04513313081228E-01
    1.49250000000000E+00    9.95878948188778E-02    9.96643109275646E-02
    1.49625000000000E+00    9.47817701420061E-02    9.48204809801746E-02
    1.50000000000000E+00    8.99820898960629E-02    8.99820898960629E-02
    1.50375000000000E+00    8.51891296109636E-02    8.51494034204657E-02
    1.50750000000000E+00    8.04030948545492E-02    8.03226863736300E-02
    1.51125000000000E+00    7.56241737041420E-02    7.55022026376790E-02
    1.51500000000000E+00    7.08525542370652E-02    7.06882151435617E-02
    1.51875000000000E+00    6.60884245306411E-02    6.58809858580825E-02
    1.52250000000000E+00    6.13319726621927E-02    6.10807757710207E-02
    1.52625000000000E+00    5.65833867090426E-02    5.62878448823298E-02
    1.53000000000000E+00    5.18428547485131E-02    5.15024521894263E-02
    1.53375000000000E+00    4.71105648579274E-02    4.67248556745639E-02
    1.53750000000000E+00    4.23867051146079E-02    4.19553122922917E-02
    1.54125000000000E+00    3.76714635958771E-02    3.71940779570035E-02
    1.54500000000000E+00    3.29650283790582E-02    3.24414075305728E-02
    1.54875000000000E+00    2.82675875414735E-02    2.76975548100756E-02
    1.55250000000000E+00    2.35793291604455E-02    2.29627725156029E-02
    1.55625000000000E+00    1.89004413132974E-02    1.82373122781633E-02
    1.56000000000000E+00    1.42311120773514E-02    1.35214246276724E-02
    1.56375000000000E+00    9.57152952993051E-03    8.81535898103643E-03
    1.56750000000000E+00    4.92188174835732E-03    4.11936363032285E-03
    1.57125000000000E+00    2.82356809954185E-04   -5.66314268975627E-04
    1.57500000000000E+00   -4.34685720795570E-03   -5.24142870958488E-03
    1.57875000000000E+00   -8.96557222804989E-03   -9.90573484400376E-03
    1.58250000000000E+00   -1.35736001730060E-02   -1.45589889959634E-02
    1.58625000000000E+00   -1.81707529655008E-02   -1.92009486717933E-02
    1.59000000000000E+00   -2.27568425282119E-02   -2.38313725716969E-02
    1.59375000000000E+00   -2.73316807838170E-02   -2.84500206009299E-02
    1.59750000000000E+00   -3.18950796549927E-02   -3.30566538808853E-02
    1.60125000000000E+00   -3.64468510644166E-02   -3.76510347600849E-02
    1.60500000000000E+00   -4.09868069347665E-02   -4.22329268250744E-02
    1.60875000000000E+00   -4.55147591887189E-02   -4.68020949112220E-02
    1.61250000000000E+00   -5.00305197489519E-02   -5.13583051134239E-02
    1.61625000000000E+00   -5.45339005381422E-02   -5.59013247967096E-02
    1.62000000000000E+00   -5.90247134789674E-02   -6.04309226067538E-02
    1.62375000000000E+00   -6.35027704941051E-02   -6.49468684802897E-02
    1.62750000000000E+00   -6.79678835062320E-02   -6.94489336554229E-02
    1.63125000000000E+00   -7.24198644380258E-02   -7.39368906818515E-02
    1.63500000000000E+00   -7.68585252121641E-02   -7.84105134309842E-02
    1.63875000000000E+00   -8.12836777513235E-02   -8.28695771059604E-02
    1.64250000000000E+00   -8.56951339781819E-02   -8.73138582515738E-02
    1.64625000000000E+00   -9.00927058154167E-02   -9.17431347640935E-02
    1.65000000000000E+00   -9.44762051857047E-02   -9.61571859009859E-02
    1.65375000000000E+00   -9.88454440117235E-02   -1.00555792290539E-01
    1.65750000000000E+00   -1.03200234216151E-01   -1.04938735941384E-01
    1.66125000000000E+00   -1.07540387721663E-01   -1.09305800251916E-01
    1.66500000000000E+00   -1.11865716450938E-01   -1.13656770019614E-01
    1.66875000000000E+00   -1.16176032326654E-01   -1.17991431450262E-01
    1.67250000000000E+00   -1.20471147271486E-01   -1.22309572167067E-01
    1.67625000000000E+00   -1.24750873208114E-01   -1.26610981219670E-01
    1.68000000000000E+00   -1.29015022059214E-01   -1.30895449093065E-01
    1.68375000000000E+00   -1.33263405747463E-01   -1.35162767716405E-01
    1.68750000000000E+00   -1.37495836195539E-01   -1.39412730471715E-01
    1.69125000000000E+00   -1.41712125326118E-01   -1.43645132202492E-01
    1.69500000000000E+00   -1.45912085061879E-01   -1.47859769222211E-01
    1.69875000000000E+00   -1.50095527325500E-01   -1.52056439322722E-01
    1.70250000000000E+00   -1.54262264039655E-01   -1.56234941782540E-01
    1.70625000000000E+00   -1.58412107127025E-01   -1.60395077375045E-01
    1.71000000000000E+00   -1.62544868510285E-01   -1.64536648376557E-01
    1.71375000000000E+00   -1.66660360112112E-01   -1.68659458574325E-01
    1.71750000000000E+00   -1.70758393855186E-01   -1.72763313274403E-01
    1.72125000000000E+00   -1.74838781662182E-01   -1.76848019309417E-01
    1.72500000000000E+00   -1.78901335455777E-01   -1.80913385046238E-01
    1.72875000000000E+00   -1.82945867158651E-01   -1.84959220393540E-01
    1.73250000000000E+00   -1.86972188693478E-01   -1.88985336809255E-01
    1.73625000000000E+00   -1.90980111982938E-01   -1.92991547307924E-01
    1.74000000000000E+00   -1.94969448949707E-01   -1.96977666467942E-01
    1.74375000000000E+00   -1.98940011516463E-01   -2.00943510438694E-01
    1.74750000000000E+00   -2.02891611605882E-01   -2.04888896947589E-01
    1.75125000000000E+00   -2.06824061140643E-01   -2.08813645306981E-01
    1.75500000000000E+00   -2.10737172043422E-01   -2.12717576420994E-01
    1.75875000000000E+00   -2.14630756236898E-01   -2.16600512792227E-01
    1.76250000000000E+00   -2.18504625643746E-01   -2.20462278528361E-01
    1.76625000000000E+00   -2.22358592186645E-01   -2.24302699348661E-01
    1.77000000000000E+00   -2.26192467788272E-01   -2.28121602590361E-01
    1.77375000000000E+00   -2.30006064371304E-01   -2.31918817214948E-01
    1.77750000000000E+00   -2.33799193858418E-01   -2.35694173814341E-01
    1.78125000000000E+00   -2.37571668172292E-01   -2.39447504616957E-01
    1.78500000000000E+00   -2.41323299235604E-01   -2.43178643493671E-01
    1.78875000000000E+00   -2.45053898971030E-01   -2.46887425963672E-01
    1.79250000000000E+00   -2.48763279301248E-01   -2.50573689200204E-01
    1.79625000000000E+00   -2.52451252148934E-01   -2.54237272036206E-01
    1.80000000000000E+00   -2.56117629436768E-01   -2.57878014969838E-01
    1.80375000000000E+00   -2.59762223087425E-01   -2.61495760169907E-01
    1.80750000000000E+00   -2.63384845023583E-01   -2.65090351481174E-01
    1.81125000000000E+00   -2.66985307167920E-01   -2.68661634429563E-01
    1.81500000000000E+00   -2.70563421443112E-01   -2.72209456227254E-01
    1.81875000000000E+00   -2.74118999771837E-01   -2.75733665777674E-01
    1.82250000000000E+00   -2.77651854076773E-01   -2.79234113680375E-01
    1.82625000000000E+00   -2.81161796280597E-01   -2.82710652235803E-01
    1.83000000000000E+00   -2.84648638305985E-01   -2.86163135449967E-01
    1.83375000000000E+00   -2.88112192075617E-01   -2.89591419038986E-01
    1.83750000000000E+00   -2.91552269512167E-01   -2.92995360433538E-01
    1.84125000000000E+00   -2.94968682538315E-01   -2.96374818783200E-01
    1.84500000000000E+00   -2.98361243076737E-01   -2.99729654960671E-01
    1.84875000000000E+00   -3.01729763050111E-01   -3.03059731565897E-01
    1.85250000000000E+00   -3.05074054381114E-01   -3.06364912930082E-01
    1.85625000000000E+00   -3.08393928992422E-01   -3.09645065119588E-01
    1.86000000000000E+00   -3.11689198806715E-01   -3.12900055939735E-01
    1.86375000000000E+00   -3.14959675746669E-01   -3.16129754938483E-01
    1.86750000000000E+00   -3.18205171734961E-01   -3.19334033410012E-01
    1.87125000000000E+00   -3.21425498694268E-01   -3.22512764398192E-01
    1.87500000000000E+00   -3.24620468547269E-01   -3.25665822699944E-01
    1.87875000000000E+00   -3.27789893216639E-01   -3.28793084868492E-01
    1.88250000000000E+00   -3.30933584625058E-01   -3.31894429216510E-01
    1.88625000000000E+00   -3.34051354695201E-01   -3.34969735819156E-01
    1.89000000000000E+00   -3.37143015349746E-01   -3.38018886517002E-01
    1.89375000000000E+00   -3.40208378511371E-01   -3.41041764918857E-01
    1.89750000000000E+00   -3.43247256102753E-01   -3.44038256404476E-01
    1.90125000000000E+00   -3.46259460046569E-01   -3.47008248127164E-01
    1.90500000000000E+00   -3.49244802265497E-01   -3.49951629016279E-01
    1.90875000000000E+00   -3.52203094682213E-01   -3.52868289779616E-01
    1.91250000000000E+00   -3.55134149219396E-01   -3.55758122905692E-01
    1.91625000000000E+00   -3.58037777799722E-01   -3.58621022665917E-01
    1.92000000000000E+00   -3.60913792345869E-01   -3.61456885116665E-01
    1.92375000000000E+00   -3.63762004780514E-01   -3.64265608101233E-01
    1.92750000000000E+00   -3.66582227026335E-01   -3.67047091251692E-01
    1.93125000000000E+00   -3.69374271006008E-01   -3.69801235990635E-01
    1.93500000000000E+00   -3.72137948642212E-01   -3.72527945532815E-01
    1.93875000000000E+00   -3.74873071857623E-01   -3.75227124886679E-01
    1.94250000000000E+00   -3.77579452574918E-01   -3.77898680855792E-01
    1.94625000000000E+00   -3.80256902716776E-01   -3.80542522040159E-01
    1.95000000000000E+00   -3.82905234205874E-01   -3.83158558837436E-01
    1.95375000000000E+00   -3.85524258964888E-01   -3.85746703444041E-01
    1.95750000000000E+00   -3.88113788916496E-01   -3.88306869856152E-01
    1.96125000000000E+00   -3.90673635983375E-01   -3.90838973870605E-01
    1.96500000000000E+00   -3.93203612088203E-01   -3.93342933085684E-01
    1.96875000000000E+00   -3.95703529153658E-01   -3.95818666901807E-01
    1.97250000000000E+00   -3.98173199102415E-01   -3.98266096522108E-01
    1.97625000000000E+00   -4.00612433857153E-01   -4.00685144952906E-01
    1.98000000000000E+00   -4.03021045340550E-01   -4.03075737004084E-01
    1.98375000000000E+00   -4.05398845475281E-01   -4.05437799289349E-01
    1.98750000000000E+00   -4.07745646184026E-01   -4.07771260226398E-01
    1.99125000000000E+00   -4.10061259389460E-01   -4.10076050036972E-01
    1.99500000000000E+00   -4.12345497014261E-01   -4.12352100746816E-01
    1.99875000000000E+00   -4.14598170981108E-01   -4.14599346185523E-01
    2.00250000000000E+00   -4.16819105448608E-01   -4.16817721986288E-01
    2.00625000000000E+00   -4.19008266818087E-01   -4.19007165585546E-01
    2.01000000000000E+00   -4.21165713260358E-01   -4.21167616222519E-01
    2.01375000000000E+00   -4.23291504475732E-01   -4.23299014938654E-01
    2.01750000000000E+00   -4.25385700164514E-01   -4.25401304576954E-01
    2.02125000000000E+00   -4.27448360027013E-01   -4.27474429781222E-01
    2.02500000000000E+00   -4.29479543763536E-01   -4.29518336995188E-01
    2.02875000000000E+00   -4.31479311074392E-01   -4.31532974461540E-01
    2.03250000000000E+00   -4.33447721659886E-01   -4.33518292220859E-01
    2.03625000000000E+00   -4.35384835220327E-01   -4.35474242110445E-01
    2.04000000000000E+00   -4.37290711456024E-01   -4.37400777763046E-01
    2.04375000000000E+00   -4.39165410067282E-01   -4.39297854605487E-01
    2.04750000000000E+00   -4.41008990754411E-01   -4.41165429857201E-01
    2.05125000000000E+00   -4.42821513217717E-01   -4.43003462528655E-01
    2.05500000000000E+00   -4.44603037157508E-01   -4.44811913419678E-01
    2.05875000000000E+00   -4.46353622274092E-01   -4.46590745117698E-01
    2.06250000000000E+00   -4.48073328267776E-01   -4.48339921995867E-01
    2.06625000000000E+00   -4.49762214838868E-01   -4.50059410211099E-01
    2.07000000000000E+00   -4.51420341687676E-01   -4.51749177702003E-01
    2.07375000000000E+00   -4.53047768514507E-01   -4.53409194186720E-01
    2.07750000000000E+00   -4.54644555019669E-01   -4.55039431160667E-01
    2.08125000000000E+00   -4.56210760903470E-01   -4.56639861894174E-01
    2.08500000000000E+00   -4.57746445866216E-01   -4.58210461430039E-01
    2.08875000000000E+00   -4.59251669608216E-01   -4.59751206580971E-01
    2.09250000000000E+00   -4.60726491829778E-01   -4.61262075926946E-01
    2.09625000000000E+00   -4.62170972231208E-01   -4.62743049812468E-01
    2.10000000000000E+00   -4.63585170512815E-01   -4.64194110343730E-01
    2.10375000000000E+00   -4.64969146374906E-01   -4.65615241385686E-01
    2.10750000000000E+00   -4.66322959517789E-01   -4.67006428559021E-01
    2.11125000000000E+00   -4.67646669641772E-01   -4.68367659237033E-01
    2.11500000000000E+00   -4.68940336447161E-01   -4.69698922542421E-01
    2.11875000000000E+00   -4.70204019634265E-01   -4.71000209343974E-01
    2.12250000000000E+00   -4.71437778903391E-01   -4.72271512253177E-01
    2.12625000000000E+00   -4.72641673954847E-01   -4.73512825620716E-01
    2.13000000000000E+00   -4.73815764488940E-01   -4.74724145532890E-01
    2.13375000000000E+00   -4.74960110205979E-01   -4.75905469807942E-01
    2.13750000000000E+00   -4.76074770806270E-01   -4.77056797992288E-01
    2.14125000000000E+00   -4.77159805990121E-01   -4.78178131356659E-01
    2.14500000000000E+00   -4.78215275457841E-01   -4.79269472892153E-01
    2.14875000000000E+00   -4.79241238909736E-01   -4.80330827306198E-01
    2.15250000000000E+00   -4.80237756046114E-01   -4.81362201018423E-01
    2.15625000000000E+00   -4.81204886567283E-01   -4.82363602156441E-01
    2.16000000000000E+00   -4.82142690173550E-01   -4.83335040551542E-01
    2.16375000000000E+00   -4.83051226565224E-01   -4.84276527734303E-01
    2.16750000000000E+00   -4.83930555442611E-01   -4.85188076930103E-01
    2.17125000000000E+00   -4.84780736506019E-01   -4.86069703054556E-01
    2.17500000000000E+00   -4.85601829455756E-01   -4.86921422708855E-01
    2.17875000000000E+00   -4.86393893992130E-01   -4.87743254175030E-01
    2.18250000000000E+00   -4.87156989815447E-01   -4.88535217411117E-01
    2.18625000000000E+00   -4.87891176626016E-01   -4.89297334046252E-01
    2.19000000000000E+00   -4.88596514124145E-01   -4.90029627375664E-01
    2.19375000000000E+00   -4.89273062010141E-01   -4.90732122355600E-01
    2.19750000000000E+00   -4.89920879984311E-01   -4.91404845598149E-01
    2.20125000000000E+00   -4.90540027746963E-01   -4.92047825366004E-01
    2.20500000000000E+00   -4.91130564998405E-01   -4.92661091567115E-01
    2.20875000000000E+00   -4.91692551438945E-01   -4.93244675749285E-01
    2.21250000000000E+00   -4.92226046768889E-01   -4.93798611094664E-01
    2.21625000000000E+00   -4.92731110688546E-01   -4.94322932414172E-01
    2.22000000000000E+00   -4.93207802898224E-01   -4.94817676141841E-01
    2.22375000000000E+00   -4.93656183098229E-01   -4.95282880329069E-01
    2.22750000000000E+00   -4.94076310988869E-01   -4.95718584638804E-01
    2.23125000000000E+00   -4.94468246270453E-01   -4.96124830339641E-01
    2.23500000000000E+00   -4.94832048643288E-01   -4.96501660299840E-01
    2.23875000000000E+00   -4.95167777807681E-01   -4.96849118981273E-01
    2.24250000000000E+00   -4.95475493463939E-01   -4.97167252433285E-01
    2.24625000000000E+00   -4.95755255312372E-01   -4.97456108286482E-01
    2.25000000000000E+00   -4.96007123053285E-01   -4.97715735746437E-01
    2.25375000000000E+00   -4.96231156386987E-01   -4.97946185587330E-01
    2.25750000000000E+00   -4.96427415013786E-01   -4.98147510145499E-01
    2.26125000000000E+00   -4.96595958633989E-01   -4.98319763312928E-01
    2.26500000000000E+00   -4.96736846947903E-01   -4.98463000530650E-01
    2.26875000000000E+00   -4.96850139655837E-01   -4.98577278782082E-01
    2.27250000000000E+00   -4.96935896458097E-01   -4.98662656586287E-01
    2.27625000000000E+00   -4.96994177054992E-01   -4.98719193991157E-01
    2.28000000000000E+00   -4.97025041146829E-01   -4.98746952566531E-01
    2.28375000000000E+00   -4.97028548433916E-01   -4.98745995397233E-01
    2.28750000000000E+00   -4.97004758616560E-01   -4.98716387076047E-01
    2.29125000000000E+00   -4.96953731395069E-01   -4.98658193696615E-01
    2.29500000000000E+00   -4.96875526469750E-01   -4.98571482846264E-01
    2.29875000000000E+00   -4.96770203540912E-01   -4.98456323598774E-01
    2.30250000000000E+00   -4.96637822308862E-01   -4.98312786507060E-01
    2.30625000000000E+00   -4.96478442473907E-01   -4.98140943595799E-01
    2.31000000000000E+00   -4.96292123736355E-01   -4.97940868353985E-01
    2.31375000000000E+00   -4.96078925796513E-01   -4.97712635727412E-01
    2.31750000000000E+00   -4.95838908354690E-01   -4.97456322111099E-01
    2.32125000000000E+00   -4.95572131111193E-01   -4.97172005341641E-01
    2.32500000000000E+00   -4.95278653766329E-01   -4.96859764689499E-01
    2.32875000000000E+00   -4.94958536020406E-01   -4.96519680851221E-01
    2.33250000000000E+00   -4.94611837573732E-01   -4.96151835941603E-01
    2.33625000000000E+00   -4.94238618126615E-01   -4.95756313485782E-01
    2.34000000000000E+00   -4.93838937379361E-01   -4.95333198411271E-01
    2.34375000000000E+00   -4.93412855032279E-01   -4.94882577039924E-01
    2.34750000000000E+00   -4.92960430785676E-01   -4.94404537079847E-01
    2.35125000000000E+00   -4.92481724339860E-01   -4.93899167617239E-01
    2.35500000000000E+00   -4.91976795395138E-01   -4.93366559108182E-01
    2.35875000000000E+00   -4.91445703651819E-01   -4.92806803370360E-01
    2.36250000000000E+00   -4.90888508810209E-01   -4.92219993574729E-01
    2.36625000000000E+00   -4.90305270570616E-01   -4.91606224237118E-01
    2.37000000000000E+00   -4.89696048633348E-01   -4.90965591209782E-01
    2.37375000000000E+00   -4.89060902698713E-01   -4.90298191672885E-01
    2.37750000000000E+00   -4.88399892467017E-01   -4.89604124125938E-01
    2.38125000000000E+00   -4.87713077638570E-01   -4.88883488379172E-01
    2.38500000000000E+00   -4.87000517913677E-01   -4.88136385544860E-01
    2.38875000000000E+00   -4.86262272992648E-01   -4.87362918028580E-01
    2.39250000000000E+00   -4.85498402575790E-01   -4.86563189520425E-01
    2.39625000000000E+00   -4.84708966363409E-01   -4.85737304986161E-01
    2.40000000000000E+00   -4.83894024055814E-01   -4.84885370658328E-01
    2.40375000000000E+00   -4.83053635353313E-01   -4.84007494027290E-01
    2.40750000000000E+00   -4.82187859956213E-01   -4.83103783832232E-01
    2.41125000000000E+00   -4.81296757564821E-01   -4.82174350052109E-01
    2.41500000000000E+00   -4.80380387879446E-01   -4.81219303896537E-01
    2.41875000000000E+00   -4.79438810600395E-01   -4.80238757796643E-01
    2.42250000000000E+00   -4.78472085427974E-01   -4.79232825395855E-01
    2.42625000000000E+00   -4.77480272062494E-01   -4.78201621540654E-01
    2.43000000000000E+00   -4.76463430204260E-01   -4.77145262271267E-01
    2.43375000000000E+00   -4.75421619553580E-01   -4.76063864812322E-01
    2.43750000000000E+00   -4.74354899810762E-01   -4.74957547563448E-01
    2.44125000000000E+00   -4.73263330676114E-01   -4.73826430089835E-01
    2.44500000000000E+00   -4.72146971849943E-01   -4.72670633112742E-01
    2.44875000000000E+00   -4.71005883032557E-01   -4.71490278499966E-01
    2.45250000000000E+00   -4.69840123924263E-01   -4.70285489256264E-01
    2.45625000000000E+00   -4.68649754225369E-01   -4.69056389513728E-01
    2.46000000000000E+00   -4.67434833636183E-01   -4.67803104522122E-01
    2.46375000000000E+00   -4.66195421857012E-01   -4.66525760639176E-01
    2.46750000000000E+00   -4.64931578588164E-01   -4.65224485320833E-01
    2.47125000000000E+00   -4.63643363529947E-01   -4.63899407111460E-01
    2.47500000000000E+00   -4.62330836382667E-01   -4.62550655634018E-01
    2.47875000000000E+00   -4.60994056846634E-01   -4.61178361580190E-01
    2.48250000000000E+00   -4.59633084622154E-01   -4.59782656700468E-01
    2.48625000000000E+00   -4.58247979409534E-01   -4.58363673794210E-01
    2.49000000000000E+00   -4.56838800909084E-01   -4.56921546699648E-01
    2.49375000000000E+00   -4.55405608821109E-01   -4.55456410283868E-01
    2.49750000000000E+00   -4.53948462845919E-01   -4.53968400432745E-01
    2.50125000000000E+00   -4.52467423419669E-01   -4.52457654040853E-01
    2.50500000000000E+00   -4.50962595129477E-01   -4.50924309001325E-01
    2.50875000000000E+00   -4.49434150996448E-01   -4.49368504195695E-01
    2.51250000000000E+00   -4.47882269928484E-01   -4.47790379483692E-01
    2.51625000000000E+00   -4.46307130833483E-01   -4.46190075693008E-01
    2.52000000000000E+00   -4.44708912619347E-01   -4.44567734609034E-01
    2.52375000000000E+00   -4.43087794193976E-01   -4.42923498964560E-01
    2.52750000000000E+00   -4.41443954465269E-01   -4.41257512429445E-01
    2.53125000000000E+00   -4.39777572341128E-01   -4.39569919600257E-01
    2.53500000000000E+00   -4.38088826729452E-01   -4.37860865989887E-01
    2.53875000000000E+00   -4.36377896538142E-01   -4.36130498017125E-01
    2.54250000000000E+00   -4.34644960675098E-01   -4.34378962996214E-01
    2.54625000000000E+00   -4.32890198048220E-01   -4.32606409126374E-01
    2.55000000000000E+00   -4.31113787565409E-01   -4.30812985481299E-01
    2.55375000000000E+00   -4.29315908134565E-01   -4.28998841998628E-01
    2.55750000000000E+00   -4.27496738663588E-01   -4.27164129469389E-01
    2.56125000000000E+00   -4.25656458060378E-01   -4.25308999527415E-01
    2.56500000000000E+00   -4.23795245232836E-01   -4.23433604638745E-01
    2.56875000000000E+00   -4.21913279088862E-01   -4.21538098090986E-01
    2.57250000000000E+00   -4.20010738536356E-01   -4.19622633982667E-01
    2.57625000000000E+00   -4.18087802483218E-01   -4.17687367212560E-01
    2.58000000000000E+00   -4.16144649837350E-01   -4.15732453468984E-01
    2.58375000000000E+00   -4.14181459506650E-01   -4.13758049219084E-01
    2.58750000000000E+00   -4.12198410399020E-01   -4.11764311698094E-01
    2.59125000000000E+00   -4.10195681422359E-01   -4.09751398898575E-01
    2.59500000000000E+00   -4.08173451484569E-01   -4.07719469559638E-01
    2.59875000000000E+00   -4.06131899493548E-01   -4.05668683156146E-01
    2.60250000000000E+00   -4.04071204357198E-01   -4.03599199887899E-01
    2.60625000000000E+00   -4.01991544983419E-01   -4.01511180668799E-01
    2.61000000000000E+00   -3.99893100280111E-01   -3.99404787116003E-01
    2.61375000000000E+00   -3.97776049155174E-01   -3.97280181539056E-01
    2.61750000000000E+00   -3.95640570516508E-01   -3.95137526929012E-01
    2.62125000000000E+00   -3.93486843272014E-01   -3.92976986947533E-01
    2.62500000000000E+00   -3.91315046329593E-01   -3.90798725915986E-01
    2.62875000000000E+00   -3.89125358597144E-01   -3.88602908804519E-01
    2.63250000000000E+00   -3.86917958982567E-01   -3.86389701221119E-01
    2.63625000000000E+00   -3.84693026393763E-01   -3.84159269400672E-01
    2.64000000000000E+00   -3.82450739738633E-01   -3.81911780193999E-01
    2.64375000000000E+00   -3.80191277925076E-01   -3.79647401056886E-01
    2.64750000000000E+00   -3.77914819860993E-01   -3.77366300039109E-01
    2.65125000000000E+00   -3.75621544454284E-01   -3.75068645773436E-01
    2.65500000000000E+00   -3.73311630612849E-01   -3.72754607464638E-01
    2.65875000000000E+00   -3.70985257244589E-01   -3.70424354878474E-01
    2.66250000000000E+00   -3.68642603257404E-01   -3.68078058330683E-01
    2.66625000000000E+00   -3.66283847559194E-01   -3.65715888675961E-01
    2.67000000000000E+00   -3.63909169057859E-01   -3.63338017296933E-01
    2.67375000000000E+00   -3.61518746661300E-01   -3.60944616093123E-01
    2.67750000000000E+00   -3.59112759277417E-01   -3.58535857469914E-01
    2.68125000000000E+00   -3.56691385814110E-01   -3.56111914327508E-01
    2.68500000000000E+00   -3.54254805179279E-01   -3.53672960049878E-01
    2.68875000000000E+00   -3.51803196280826E-01   -3.51219168493726E-01
    2.69250000000000E+00   -3.49336738026649E-01   -3.48750713977423E-01
    2.69625000000000E+00   -3.46855609324650E-01   -3.46267771269966E-01
    2.70000000000000E+00   -3.44359989082729E-01   -3.43770515579919E-01
    2.70375000000000E+00   -3.41850056208785E-01   -3.41259122544358E-01
    2.70750000000000E+00   -3.39325989610720E-01   -3.38733768217825E-01
    2.71125000000000E+00   -3.36787968196433E-01   -3.36194629061267E-01
    2.71500000000000E+00   -3.34236170873825E-01   -3.33641881930989E-01
    2.71875000000000E+00   -3.31670776550796E-01   -3.31075704067605E-01
    2.72250000000000E+00   -3.29091964135246E-01   -3.28496273084990E-01
    2.72625000000000E+00   -3.26499912535075E-01   -3.25903766959237E-01
    2.73000000000000E+00   -3.23894800658185E-01   -3.23298364017622E-01
    2.73375000000000E+00   -3.21276807412475E-01   -3.20680242927563E-01
    2.73750000000000E+00   -3.18646111705845E-01   -3.18049582685598E-01
    2.74125000000000E+00   -3.16002892446195E-01   -3.15406562606355E-01
    2.74500000000000E+00   -3.13347328541427E-01   -3.12751362311543E-01
    2.74875000000000E+00   -3.10679598899440E-01   -3.10084161718936E-01
    2.75250000000000E+00   -3.07999882428134E-01   -3.07405141031371E-01
    2.75625000000000E+00   -3.05308358035410E-01   -3.04714480725763E-01
    2.76000000000000E+00   -3.02605204629168E-01   -3.02012361542109E-01
    2.76375000000000E+00   -2.99890601117309E-01   -2.99298964472522E-01
    2.76750000000000E+00   -2.97164726407732E-01   -2.96574470750262E-01
    2.77125000000000E+00   -2.94427759408338E-01   -2.93839061838782E-01
    2.77500000000000E+00   -2.91679879027027E-01   -2.91092919420787E-01
    2.77875000000000E+00   -2.88921264171699E-01   -2.88336225387303E-01
    2.78250000000000E+00   -2.86152093750256E-01   -2.85569161826760E-01
    2.78625000000000E+00   -2.83372546670596E-01   -2.82791911014084E-01
    2.79000000000000E+00   -2.80582801840620E-01   -2.80004655399810E-01
    2.79375000000000E+00   -2.77783038168229E-01   -2.77207577599202E-01
    2.79750000000000E+00   -2.74973434561323E-01   -2.74400860381393E-01
    2.80125000000000E+00   -2.72154169927802E-01   -2.71584686658541E-01
    2.80500000000000E+00   -2.69325423175566E-01   -2.68759239474995E-01
    2.80875000000000E+00   -2.66487373212516E-01   -2.65924701996485E-01
    2.81250000000000E+00   -2.63640198946552E-01   -2.63081257499324E-01
    2.81625000000000E+00   -2.60784079285574E-01   -2.60229089359633E-01
    2.82000000000000E+00   -2.57919193137483E-01   -2.57368381042578E-01
    2.82375000000000E+00   -2.55045719410178E-01   -2.54499316091633E-01
    2.82750000000000E+00   -2.52163837011560E-01   -2.51622078117858E-01
    2.83125000000000E+00   -2.49273724849530E-01   -2.48736850789195E-01
    2.83500000000000E+00   -2.46375561831987E-01   -2.45843817819797E-01
    2.83875000000000E+00   -2.43469526866831E-01   -2.42943162959360E-01
    2.84250000000000E+00   -2.40555798861965E-01   -2.40035069982493E-01
    2.84625000000000E+00   -2.37634556725286E-01   -2.37119722678102E-01
    2.85000000000000E+00   -2.34705979364696E-01   -2.34197304838797E-01
    2.85375000000000E+00   -2.31770245688095E-01   -2.31268000250329E-01
    2.85750000000000E+00   -2.28827534603384E-01   -2.28331992681043E-01
    2.86125000000000E+00   -2.25878025018461E-01   -2.25389465871361E-01
    2.86500000000000E+00   -2.22921895841229E-01   -2.22440603523290E-01
    2.86875000000000E+00   -2.19959325979587E-01   -2.19485589289951E-01
    2.87250000000000E+00   -2.16990494341435E-01   -2.16524606765142E-01
    2.87625000000000E+00   -2.14015579834674E-01   -2.13557839472922E-01
    2.88000000000000E+00   -2.11034761367203E-01   -2.10585470857221E-01
    2.88375000000000E+00   -2.08048217846923E-01   -2.07607684271487E-01
    2.88750000000000E+00   -2.05056128181736E-01   -2.04624662968353E-01
    2.89125000000000E+00   -2.02058671279540E-01   -2.01636590089332E-01
    2.89500000000000E+00   -1.99056026048235E-01   -1.98643648654551E-01
    2.89875000000000E+00   -1.96048371395724E-01   -1.95646021552507E-01
    2.90250000000000E+00   -1.93035886229904E-01   -1.92643891529853E-01
    2.90625000000000E+00   -1.90018749458677E-01   -1.89637441181221E-01
    2.91000000000000E+00   -1.86997139989944E-01   -1.86626852939075E-01
    2.91375000000000E+00   -1.83971236731604E-01   -1.83612309063588E-01
    2.91750000000000E+00   -1.80941218591557E-01   -1.80593991632566E-01
    2.92125000000000E+00   -1.77907264477705E-01   -1.77572082531393E-01
    2.92500000000000E+00   -1.74869553297947E-01   -1.74546763443013E-01
    2.92875000000000E+00   -1.71828263960183E-01   -1.71518215837951E-01
    2.93250000000000E+00   -1.68783575372313E-01   -1.68486620964363E-01
    2.93625000000000E+00   -1.65735666442240E-01   -1.65452159838123E-01
    2.94000000000000E+00   -1.62684716077861E-01   -1.62415013232942E-01
    2.94375000000000E+00   -1.59630903187077E-01   -1.59375361670534E-01
    2.94750000000000E+00   -1.56574406677790E-01   -1.56333385410806E-01
    2.95125000000000E+00   -1.53515405457899E-01   -1.53289264442090E-01
    2.95500000000000E+00   -1.50454078435304E-01   -1.50243178471418E-01
    2.95875000000000E+00   -1.47390604517906E-01   -1.47195306914823E-01
    2.96250000000000E+00   -1.44325162613605E-01   -1.44145828887690E-01
    2.96625000000000E+00   -1.41257931630301E-01   -1.41094923195141E-01
    2.97000000000000E+00   -1.38189090475895E-01   -1.38042768322459E-01
    2.97375000000000E+00   -1.35118818058286E-01   -1.34989542425552E-01
    2.97750000000000E+00   -1.32047293285376E-01   -1.31935423321459E-01
    2.98125000000000E+00   -1.28974695065064E-01   -1.28880588478897E-01
    2.98500000000000E+00   -1.25901202305250E-01   -1.25825215008846E-01
    2.98875000000000E+00   -1.22826993913835E-01   -1.22769479655178E-01
    2.99250000000000E+00   -1.19752248798720E-01   -1.19713558785331E-01
    2.99625000000000E+00   -1.16677145867804E-01   -1.16657628381018E-01
    3.00000000000000E+00   -1.13601864028987E-01   -1.13601864028987E-01
