    0.00000000000000E+00    1.00000000000000E+00
    5.00000000000000E-03    9.96839397205857E-01
    1.00000000000000E-02    9.93678794411714E-01
    1.50000000000000E-02    9.90518191617572E-01
    2.00000000000000E-02    9.87357588823429E-01
    2.50000000000000E-02    9.84196986029286E-01
    3.00000000000000E-02    9.81036383235143E-01
    3.50000000000000E-02    9.77875780441000E-01
    4.00000000000000E-02    9.74715177646858E-01
    4.50000000000000E-02    9.71554574852715E-01
    5.00000000000000E-02    9.68393972058572E-01
    5.50000000000000E-02    9.65233369264429E-01
    6.00000000000000E-02    9.62072766470287E-01
    6.50000000000000E-02    9.58912163676144E-01
    7.00000000000000E-02    9.55751560882001E-01
    7.50000000000000E-02    9.52590958087858E-01
    8.00000000000000E-02    9.49430355293715E-01
    8.50000000000000E-02    9.46269752499573E-01
    9.00000000000000E-02    9.43109149705430E-01
    9.50000000000000E-02    9.39948546911287E-01
    1.00000000000000E-01    9.36787944117144E-01
    1.05000000000000E-01    9.33627341323001E-01
    1.10000000000000E-01    9.30466738528859E-01
    1.15000000000000E-01    9.27306135734716E-01
    1.20000000000000E-01    9.24145532940573E-01
    1.25000000000000E-01    9.20984930146430E-01
    1.30000000000000E-01    9.17824327352287E-01
    1.35000000000000E-01    9.14663724558145E-01
    1.40000000000000E-01    9.11503121764002E-01
    1.45000000000000E-01    9.08342518969859E-01
    1.50000000000000E-01    9.05181916175716E-01
    1.55000000000000E-01    9.02021313381574E-01
    1.60000000000000E-01    8.98860710587431E-01
    1.65000000000000E-01    8.95700107793288E-01
    1.70000000000000E-01    8.92539504999145E-01
    1.75000000000000E-01    8.89378902205002E-01
    1.80000000000000E-01    8.86218299410860E-01
    1.85000000000000E-01    8.83057696616717E-01
    1.90000000000000E-01    8.79897093822574E-01
    1.95000000000000E-01    8.76736491028431E-01
    2.00000000000000E-01    8.73575888234288E-01
    2.05000000000000E-01    8.70415285440146E-01
    2.10000000000000E-01    8.67254682646003E-01
    2.15000000000000E-01    8.64094079851860E-01
    2.20000000000000E-01    8.60933477057717E-01
    2.25000000000000E-01    8.57772874263575E-01
    2.30000000000000E-01    8.54612271469432E-01
    2.35000000000000E-01    8.51451668675289E-01
    2.40000000000000E-01    8.48291065881146E-01
    2.45000000000000E-01    8.45130463087003E-01
    2.50000000000000E-01    8.41969860292861E-01
    2.55000000000000E-01    8.38809257498718E-01
    2.60000000000000E-01    8.35648654704575E-01
    2.65000000000000E-01    8.32488051910432E-01
    2.70000000000000E-01    8.29327449116289E-01
    2.75000000000000E-01    8.26166846322147E-01
    2.80000000000000E-01    8.23006243528004E-01
    2.85000000000000E-01    8.19845640733861E-01
    2.90000000000000E-01    8.16685037939718E-01
    2.95000000000000E-01    8.13524435145575E-01
    3.00000000000000E-01    8.10363832351433E-01
    3.05000000000000E-01    8.07203229557290E-01
    3.10000000000000E-01    8.04042626763147E-01
    3.15000000000000E-01    8.00882023969004E-01
    3.20000000000000E-01    7.97721421174862E-01
    3.25000000000000E-01    7.94560818380719E-01
    3.30000000000000E-01    7.91400215586576E-01
    3.35000000000000E-01    7.88239612792433E-01
    3.40000000000000E-01    7.85079009998290E-01
    3.45000000000000E-01    7.81918407204148E-01
    3.50000000000000E-01    7.78757804410005E-01
    3.55000000000000E-01    7.75597201615862E-01
    3.60000000000000E-01    7.72436598821719E-01
    3.65000000000000E-01    7.69275996027576E-01
    3.70000000000000E-01    7.66115393233434E-01
    3.75000000000000E-01    7.62954790439291E-01
    3.80000000000000E-01    7.59794187645148E-01
    3.85000000000000E-01    7.56633584851005E-01
    3.90000000000000E-01    7.53472982056863E-01
    3.95000000000000E-01    7.50312379262720E-01
    4.00000000000000E-01    7.47151776468577E-01
    4.05000000000000E-01    7.43991173674434E-01
    4.10000000000000E-01    7.40830570880291E-01
    4.15000000000000E-01    7.37669968086149E-01
    4.20000000000000E-01    7.34509365292006E-01
    4.25000000000000E-01    7.31348762497863E-01
    4.30000000000000E-01    7.28188159703720E-01
    4.35000000000000E-01    7.25027556909577E-01
    4.40000000000000E-01    7.21866954115435E-01
    4.45000000000000E-01    7.18706351321292E-01
    4.50000000000000E-01    7.15545748527149E-01
    4.55000000000000E-01    7.12385145733006E-01
    4.60000000000000E-01    7.09224542938864E-01
    4.65000000000000E-01    7.06063940144721E-01
    4.70000000000000E-01    7.02903337350578E-01
    4.75000000000000E-01    6.99742734556435E-01
    4.80000000000000E-01    6.96582131762292E-01
    4.85000000000000E-01    6.93421528968150E-01
    4.90000000000000E-01    6.90260926174007E-01
    4.95000000000000E-01    6.87100323379864E-01
    5.00000000000000E-01    6.83939720585721E-01
    5.05000000000000E-01    6.80779117791578E-01
    5.10000000000000E-01    6.77618514997436E-01
    5.15000000000000E-01    6.74457912203293E-01
    5.20000000000000E-01    6.71297309409150E-01
    5.25000000000000E-01    6.68136706615007E-01
    5.30000000000000E-01    6.64976103820864E-01
    5.35000000000000E-01    6.61815501026722E-01
    5.40000000000000E-01    6.58654898232579E-01
    5.45000000000000E-01    6.55494295438436E-01
    5.50000000000000E-01    6.52333692644293E-01
    5.55000000000000E-01    6.49173089850150E-01
    5.60000000000000E-01    6.46012487056008E-01
    5.65000000000000E-01    6.42851884261865E-01
    5.70000000000000E-01    6.39691281467722E-01
    5.75000000000000E-01    6.36530678673579E-01
    5.80000000000000E-01    6.33370075879437E-01
    5.85000000000000E-01    6.30209473085294E-01
    5.90000000000000E-01    6.27048870291151E-01
    5.95000000000000E-01    6.23888267497008E-01
    6.00000000000000E-01    6.20727664702865E-01
    6.05000000000000E-01    6.17567061908723E-01
    6.10000000000000E-01    6.14406459114580E-01
    6.15000000000000E-01    6.11245856320437E-01
    6.20000000000000E-01    6.08085253526294E-01
    6.25000000000000E-01    6.04924650732152E-01
    6.30000000000000E-01    6.01764047938009E-01
    6.35000000000000E-01    5.98603445143866E-01
    6.40000000000000E-01    5.95442842349723E-01
    6.45000000000000E-01    5.92282239555580E-01
    6.50000000000000E-01    5.89121636761438E-01
    6.55000000000000E-01    5.85961033967295E-01
    6.60000000000000E-01    5.82800431173152E-01
    6.65000000000000E-01    5.79639828379009E-01
    6.70000000000000E-01    5.76479225584866E-01
    6.75000000000000E-01    5.73318622790724E-01
    6.80000000000000E-01    5.70158019996581E-01
    6.85000000000000E-01    5.66997417202438E-01
    6.90000000000000E-01    5.63836814408295E-01
    6.95000000000000E-01    5.60676211614152E-01
    7.00000000000000E-01    5.57515608820010E-01
    7.05000000000000E-01    5.54355006025867E-01
    7.10000000000000E-01    5.51194403231724E-01
    7.15000000000000E-01    5.48033800437581E-01
    7.20000000000000E-01    5.44873197643438E-01
    7.25000000000000E-01    5.41712594849296E-01
    7.30000000000000E-01    5.38551992055153E-01
    7.35000000000000E-01    5.35391389261010E-01
    7.40000000000000E-01    5.32230786466867E-01
    7.45000000000000E-01    5.29070183672725E-01
    7.50000000000000E-01    5.25909580878582E-01
    7.55000000000000E-01    5.22748978084439E-01
    7.60000000000000E-01    5.19588375290296E-01
    7.65000000000000E-01    5.16427772496153E-01
    7.70000000000000E-01    5.13267169702011E-01
    7.75000000000000E-01    5.10106566907868E-01
    7.80000000000000E-01    5.06945964113725E-01
    7.85000000000000E-01    5.03785361319582E-01
    7.90000000000000E-01    5.00624758525439E-01
    7.95000000000000E-01    4.97464155731297E-01
    8.00000000000000E-01    4.94303552937154E-01
    8.05000000000000E-01    4.91142950143011E-01
    8.10000000000000E-01    4.87982347348868E-01
    8.15000000000000E-01    4.84821744554725E-01
    8.20000000000000E-01    4.81661141760583E-01
    8.25000000000000E-01    4.78500538966440E-01
    8.30000000000000E-01    4.75339936172297E-01
    8.35000000000000E-01    4.72179333378154E-01
    8.40000000000000E-01    4.69018730584012E-01
    8.45000000000000E-01    4.65858127789869E-01
    8.50000000000000E-01    4.62697524995726E-01
    8.55000000000000E-01    4.59536922201583E-01
    8.60000000000000E-01    4.56376319407440E-01
    8.65000000000000E-01    4.53215716613298E-01
    8.70000000000000E-01    4.50055113819155E-01
    8.75000000000000E-01    4.46894511025012E-01
    8.80000000000000E-01    4.43733908230869E-01
    8.85000000000000E-01    4.40573305436726E-01
    8.90000000000000E-01    4.37412702642584E-01
    8.95000000000000E-01    4.34252099848441E-01
    9.00000000000000E-01    4.31091497054298E-01
    9.05000000000000E-01    4.27930894260155E-01
    9.10000000000000E-01    4.24770291466013E-01
    9.15000000000000E-01    4.21609688671870E-01
    9.20000000000000E-01    4.18449085877727E-01
    9.25000000000000E-01    4.15288483083584E-01
    9.30000000000000E-01    4.12127880289441E-01
    9.35000000000000E-01    4.08967277495299E-01
    9.40000000000000E-01    4.05806674701156E-01
    9.45000000000000E-01    4.02646071907013E-01
    9.50000000000000E-01    3.99485469112870E-01
    9.55000000000000E-01    3.96324866318727E-01
    9.60000000000000E-01    3.93164263524585E-01
    9.65000000000000E-01    3.90003660730442E-01
    9.70000000000000E-01    3.86843057936299E-01
    9.75000000000000E-01    3.83682455142156E-01
    9.80000000000000E-01    3.80521852348014E-01
    9.85000000000000E-01    3.77361249553871E-01
    9.90000000000000E-01    3.74200646759728E-01
    9.95000000000000E-01    3.71040043965585E-01
    1.00000000000000E+00    3.67879441171442E-01
